names=cell(1,5);
onsets=cell(1,5);
durations=cell(1,5);

% Condition 1 
names{1}='Cues';
onsets{1}=[32.016, 54.005, 65.017, 78.01, 86.006, 94.002, 119.006, 127.002, 149.008, 170.014, 178.01, 194.002, 208.012, 231.017, 241.012, 254.006, 277.011, 285.007, 293.003, 323.004, 334.016, 348.009, 358.004, 391.004, 399.016, 421.005, 440.013, 465.017, 482.008, 490.004, 499.017, 530.001, 552.007, 574.012, 596.001, 604.014, 615.009, 639.015, 651.009, 662.003, 670.016, 692.005, 714.011, 736.016, 758.005, 767.018, 775.996, 792.005, 801.017, 826.005, 845.012, 867.001, 875.014, 898.002, 908.014, 918.009, 932.002, 952.009, 974.014, 982.01, 990.006, 1012.995, 1026.005, 1036.017, 1059.005, 1073.015, 1089.007, 1105.015, 1118.009, 1140.015, 1148.011, 1172.998, 1180.994, 1189.007, 1202.017, 1213.012, 1234.984];
durations{1}=[0.5];

% Condition 2 
names{2}='Arrows';
onsets{2}=[42.011, 59.003, 72.013, 82.008, 90.004, 101.015, 123.004, 137.014, 156.004, 174.012, 182.008, 204.014, 213.009, 235.015, 248.009, 259.003, 281.009, 289.005, 303.014, 330.018, 344.011, 352.007, 362.002, 395.002, 409.011, 428.003, 447.009, 470.014, 486.006, 495.003, 504.014, 540.013, 556.005, 578.01, 600.016, 611.011, 620.006, 643.996, 658.005, 666.018, 674.014, 696.003, 724.006, 740.014, 763.003, 772.015, 780.011, 796.986, 808.014, 833.001, 855.007, 870.999, 879.995, 902.017, 912.012, 928.004, 939.015, 962.004, 977.996, 986.008, 995.004, 1020.008, 1030.003, 1041.014, 1069.017, 1077.013, 1093.005, 1111.995, 1128.004, 1144.013, 1155.007, 1176.996, 1185.009, 1196.003, 1207.015, 1223.007, 1245.012];
durations{2}=[0.685, 0.424, 0.731, 0.525, 0.477, 0.394, 0.625, 0.632, 0.347, 0.315, 0.305, 0.342, 0.346, 0.356, 0.316, 0.357, 0.32, 0.299, 0.325, 0.345, 0.32, 0.284, 0.348, 0.339, 0.326, 0.586, 0.354, 0.369, 0.78, 0.355, 0.547, 0.507, 0.438, 0.476, 0.503, 0.364, 0.367, 1.06, 0.273, 0.371, 0.354, 0.349, 0.466, 0.295, 0.34, 0.279, 0.4, 0.627, 0.432, 0.482, 0.404, 0.37, 0.576, 0.419, 0.356, 0.384, 0.486, 0.361, 0.426, 0.452, 0.465, 0.438, 0.465, 0.353, 0.379, 0.36, 0.335, 0.264, 0.257, 0.335, 0.343, 0.298, 0.312, 0.408, 0.236, 0.336, 0.336];

% Condition 3 
names{3}='Inc_Cues';
onsets{3}=[231.017, 277.011, 334.016, 421.005, 670.016, 758.005, 1140.015, 1189.007, 1213.012];
durations{3}=[0.5];

% Condition 4
names{4}='Pro_Inc_Arrows';
onsets{4}=[235.015, 281.009, 344.011, 428.003, 674.014, 763.003, 1144.013, 1196.003, 1223.007];
durations{4}=[0.356, 0.32, 0.32, 0.586, 0.354, 0.34, 0.335, 0.408, 0.336];

% Condition 5
names{5}='Rea_Inc_Arrow';
onsets{5}=[42.011, 72.013, 123.004, 504.014, 578.01, 833.001, 879.995, 928.004, 986.008, 1030.003];
durations{5}=[0.685, 0.731, 0.625, 0.547, 0.476, 0.482, 0.576, 0.384, 0.452, 0.465];

save('sessions_dcm.mat', 'names', 'onsets', 'durations');