names=cell(1,5);
onsets=cell(1,5);
durations=cell(1,5);

% Condition 1 
names{1}='Cues';
onsets{1}=[10.014, 32.003, 54.009, 65.003, 78.013, 86.009, 94.005, 119.01, 127.006, 149.011, 171.017, 179.013, 195.005, 209.015, 232.003, 242.031, 255.008, 278.014, 286.01, 294.006, 324.007, 335.002, 349.011, 359.006, 369.001, 392.007, 400.003, 422.008, 441.015, 466.02, 483.028, 491.007, 500.003, 509.015, 531.021, 553.026, 575.015, 597.004, 605.001, 616.011, 642.023, 653.018, 664.029, 672.008, 694.014, 716.003, 738.025, 759.998, 769.01, 778.005, 794.014, 828.014, 847.021, 869.026, 877.006, 900.028, 910.023, 920.001, 954.017, 976.023, 984.019, 992.015, 1015.02, 1028.014, 1038.025, 1060.998, 1075.024, 1090.999, 1108.007, 1121.017, 1143.023, 1151.019, 1176.006, 1184.019, 1192.015, 1205.009, 1216.02, 1238.009];
durations{1}=[0.5];

% Condition 2 
names{2}='Arrows';
onsets{2}=[20.009, 42.015, 59.006, 72.016, 82.011, 90.007, 101.002, 123.008, 137.017, 156.008, 175.015, 183.011, 205.017, 214.012, 236.002, 249.011, 260.006, 282.012, 290.008, 304.001, 331.004, 345.013, 353.009, 363.004, 374.016, 396.005, 410.014, 429.005, 448.012, 471.017, 487.009, 496.005, 505.017, 513.013, 541.032, 557.008, 579.03, 601.002, 612.013, 621.026, 647.004, 660.014, 668.027, 676.023, 698.029, 726.015, 742.023, 765.012, 774.024, 782.02, 799.028, 835.027, 856.999, 873.024, 882.003, 904.026, 914.021, 930.029, 964.029, 980.021, 988.017, 997.013, 1022.017, 1032.012, 1043.023, 1071.026, 1079.005, 1095.014, 1115.02, 1131.012, 1147.004, 1158.015, 1180.021, 1188.017, 1199.012, 1210.023, 1226.015, 1248.021];
durations{2}=[0.57, 0.612, 0.654, 0.481, 0.352, 0.478, 0.372, 0.543, 0.344, 0.47, 0.394, 0.326, 0.37, 0.385, 0.334, 0.348, 0.295, 0.378, 0.358, 0.338, 0.322, 0.368, 0.373, 0.261, 0.339, 0.29, 0.393, 0.307, 0.346, 0.309, 0.478, 0.378, 0.331, 0.485, 0.425, 0.547, 0.581, 0.362, 0.478, 0.388, 0.301, 0.273, 0.315, 0.331, 0.293, 0.328, 0.273, 0.375, 0.308, 0.267, 0.37, 0.428, 0.359, 0.455, 0.477, 0.35, 0.294, 0.383, 0.425, 0.378, 0.506, 0.491, 0.396, 0.501, 0.53, 0.488, 0.484, 0.644, 0.283, 0.331, 0.446, 0.357, 0.331, 0.276, 0.42, 0.286, 0.325, 0.351];

% Condition 3 
names{3}='Inc_Cues';
onsets{3}=[232.003, 278.014, 335.002, 369.001, 422.008, 672.008, 759.998, 1143.023, 1192.015, 1216.02];
durations{3}=[0.5];

% Condition 4
names{4}='Pro_Inc_Arrows';
onsets{4}=[236.002, 282.012, 345.013, 374.016, 429.005, 676.023, 765.012, 1147.004, 1199.012, 1226.015];
durations{4}=[0.334, 0.378, 0.368, 0.339, 0.307, 0.331, 0.375, 0.446, 0.42, 0.325];

% Condition 5
names{5}='Rea_Inc_Arrow';
onsets{5}=[42.015, 72.016, 123.008, 505.017, 579.03, 835.027, 882.003, 930.029, 988.017, 1032.012];
durations{5}=[0.612, 0.481, 0.543, 0.331, 0.581, 0.428, 0.477, 0.383, 0.506, 0.501];

save('sessions_dcm.mat', 'names', 'onsets', 'durations');