names=cell(1,5);
onsets=cell(1,5);
durations=cell(1,5);

% Condition 1 
names{1}='Cues';
onsets{1}=[10.017, 32.005, 54.011, 65.006, 78.016, 86.012, 94.008, 119.012, 127.008, 149.013, 171.002, 179.015, 195.007, 209.016, 232.005, 242.017, 255.01, 278.015, 286.011, 294.007, 324.009, 335.003, 359.008, 369.003, 392.008, 400.004, 422.009, 441.016, 466.004, 484.012, 492.008, 501.003, 510.015, 532.004, 554.01, 576.015, 598.004, 606.0, 617.011, 638.01, 649.005, 660.016, 668.012, 690.001, 711.99, 734.012, 756.001, 765.013, 774.008, 790.017, 799.013, 824.017, 843.007, 865.013, 873.009, 896.014, 906.009, 916.004, 930.014, 950.003, 972.009, 980.005, 988.001, 1010.989, 1024.016, 1034.011, 1057.016, 1071.009, 1087.001, 1103.01, 1116.003, 1138.009, 1146.005, 1171.009, 1179.005, 1187.001, 1200.011, 1211.005, 1233.011];
durations{1}=[0.5];

% Condition 2 
names{2}='Arrows';
onsets{2}=[20.012, 42.017, 59.009, 72.019, 82.014, 90.01, 101.004, 123.01, 137.003, 156.01, 175.0, 183.013, 205.002, 214.014, 236.003, 249.013, 260.007, 282.013, 290.009, 304.002, 331.005, 345.015, 363.006, 374.017, 396.006, 410.015, 429.006, 448.013, 471.002, 488.01, 497.005, 506.017, 514.013, 542.016, 558.008, 580.013, 602.002, 613.013, 622.009, 643.008, 656.018, 664.014, 672.01, 694.015, 722.018, 738.01, 761.015, 770.01, 778.006, 795.015, 806.009, 831.013, 853.002, 869.011, 878.006, 900.012, 910.007, 925.999, 937.01, 960.015, 976.007, 984.003, 993.015, 1018.003, 1028.014, 1039.009, 1067.011, 1075.007, 1091.016, 1110.006, 1126.015, 1142.007, 1153.002, 1175.007, 1183.003, 1194.014, 1205.009, 1221.001, 1243.006];
durations{2}=[0.791, 0.69, 0.631, 0.681, 0.489, 0.44, 0.498, 0.557, 0.45, 0.503, 0.464, 0.495, 0.481, 0.468, 0.411, 0.384, 0.351, 0.473, 0.374, 0.433, 0.412, 0.444, 0.456, 0.65, 0.427, 0.411, 0.497, 0.478, 0.61, 0.516, 0.583, 0.606, 0.672, 0.622, 0.459, 0.619, 0.495, 0.477, 0.482, 0.512, 0.477, 0.416, 0.385, 0.731, 0.434, 0.405, 0.413, 0.333, 0.408, 0.426, 0.51, 0.495, 0.559, 0.397, 0.503, 0.446, 0.403, 0.492, 0.473, 0.357, 0.466, 0.521, 0.499, 0.479, 0.475, 0.395, 0.403, 0.394, 0.358, 0.515, 0.282, 0.499, 0.489, 0.362, 0.297, 0.35, 0.337, 0.328, 0.348];

% Condition 3 
names{3}='Inc_Cues';
onsets{3}=[232.005, 278.015, 335.003, 369.003, 422.009, 668.012, 756.001, 1138.009, 1187.001, 1211.005];
durations{3}=[0.5];

% Condition 4
names{4}='Pro_Inc_Arrows';
onsets{4}=[236.003, 282.013, 345.015, 374.017, 429.006, 672.01, 761.015, 1142.007, 1194.014, 1221.001];
durations{4}=[0.411, 0.473, 0.444, 0.65, 0.497, 0.385, 0.413, 0.499, 0.35, 0.328];

% Condition 5
names{5}='Rea_Inc_Arrow';
onsets{5}=[42.017, 72.019, 123.01, 506.017, 580.013, 831.013, 878.006, 925.999, 984.003, 1028.014];
durations{5}=[0.69, 0.681, 0.557, 0.606, 0.619, 0.495, 0.503, 0.492, 0.521, 0.475];

save('sessions_dcm.mat', 'names', 'onsets', 'durations');