names=cell(1,5);
onsets=cell(1,5);
durations=cell(1,5);

% Condition 1 
names{1}='Cues';
onsets{1}=[9.063, 21.99, 33.017, 41.063, 63.003, 84.992, 106.997, 129.003, 138.015, 147.011, 163.069, 172.015, 197.002, 216.009, 238.015, 245.994, 269.0, 279.011, 289.006, 303.0, 323.006, 345.012, 352.991, 361.004, 384.009, 397.002, 407.014, 430.003, 443.996, 460.004, 476.013, 489.006, 511.012, 519.008, 544.012, 552.008, 560.004, 584.009, 605.998, 646.032, 668.004, 690.026, 701.021, 714.031, 722.01, 730.023, 755.011, 763.023, 785.029, 807.018, 815.031, 831.023, 845.032, 868.004, 878.016, 891.009, 914.015, 922.011, 930.023, 961.024, 972.019, 986.012, 996.024, 1006.019, 1029.024, 1037.02, 1059.025, 1078.016, 1103.02, 1120.028, 1128.024, 1137.02, 1146.015, 1168.004, 1190.027, 1212.032, 1234.021, 1242.017, 1253.012];
durations{1}=[0.5];

% Condition 2 
names{2}='Arrows';
onsets{2}=[14.11, 29.069, 37.015, 45.011, 67.017, 95.003, 111.012, 134.017, 143.013, 151.009, 168.05, 179.061, 204.032, 226.004, 242.013, 251.075, 273.014, 283.009, 299.018, 310.012, 333.018, 349.01, 357.006, 366.018, 391.005, 401.017, 412.012, 439.998, 448.01, 464.002, 483.009, 499.018, 515.01, 526.005, 548.01, 556.006, 567.001, 594.004, 616.01, 656.027, 678.032, 695.024, 708.018, 718.029, 726.025, 737.02, 759.025, 773.018, 792.025, 811.033, 819.029, 841.018, 850.013, 872.019, 885.012, 896.007, 918.013, 926.025, 940.018, 968.021, 982.014, 990.01, 1000.022, 1011.016, 1033.005, 1047.015, 1066.022, 1085.012, 1108.018, 1124.01, 1133.022, 1142.017, 1150.03, 1178.033, 1194.025, 1216.03, 1238.003, 1249.031, 1258.026];
durations{2}=[1.999, 0.559, 0.468, 0.479, 0.483, 0.537, 0.574, 0.452, 0.359, 0.418, 0.434, 0.497, 0.707, 0.625, 0.466, 0.577, 0.529, 0.54, 0.549, 0.556, 0.541, 0.444, 0.482, 0.506, 0.37, 0.525, 0.566, 0.468, 0.421, 0.414, 0.851, 0.475, 0.448, 0.432, 0.489, 0.522, 0.537, 0.486, 0.377, 0.454, 0.58, 0.488, 0.489, 0.42, 0.404, 0.465, 0.841, 0.527, 0.453, 0.333, 0.371, 0.435, 0.357, 0.427, 0.306, 0.301, 0.509, 0.469, 0.442, 0.345, 0.584, 0.366, 0.38, 0.37, 0.358, 0.342, 0.589, 0.649, 0.357, 0.376, 0.381, 0.511, 0.35, 0.393, 0.404, 0.518, 0.453, 0.372, 0.369];

% Condition 3 
names{3}='Inc_Cues';
onsets{3}=[41.063, 129.003, 511.012, 560.004, 584.009, 868.004, 914.015, 972.019, 1006.019, 1059.025];
durations{3}=[0.5];

% Condition 4
names{4}='Pro_Inc_Arrows';
onsets{4}=[45.011, 134.017, 515.01, 567.001, 594.004, 872.019, 918.013, 982.014, 1011.016, 1066.022];
durations{4}=[0.479, 0.452, 0.448, 0.537, 0.486, 0.427, 0.509, 0.584, 0.37, 0.589];

% Condition 5
names{5}='Rea_Inc_Arrow';
onsets{5}=[204.032, 251.075, 299.018, 357.006, 401.017, 678.032, 708.018, 759.025, 1142.017, 1216.03];
durations{5}=[0.707, 0.577, 0.549, 0.482, 0.525, 0.58, 0.489, 0.841, 0.511, 0.518];

save('sessions_dcm.mat', 'names', 'onsets', 'durations');