names=cell(1,5);
onsets=cell(1,5);
durations=cell(1,5);

% Condition 1 
names{1}='Cues';
onsets{1}=[9.996, 32.001, 54.007, 65.002, 78.012, 86.008, 94.004, 119.008, 127.004, 149.01, 170.999, 178.995, 194.987, 208.996, 232.002, 242.013, 254.99, 286.008, 294.004, 324.006, 335.017, 348.993, 359.005, 369.0, 391.988, 400.001, 441.014, 466.001, 484.009, 492.005, 501.001, 510.013, 532.002, 554.008, 597.986, 605.998, 617.009, 639.02, 650.032, 661.026, 669.022, 691.011, 713.033, 735.022, 757.011, 766.024, 775.036, 791.028, 800.007, 825.027, 844.018, 866.024, 875.036, 898.024, 908.019, 932.024, 951.031, 973.02, 981.016, 1015.033, 1028.026, 1038.022, 1078.018, 1094.027, 1111.018, 1124.028, 1146.017, 1154.03, 1179.017, 1187.013, 1195.026, 1208.036, 1219.014, 1242.036];
durations{1}=[0.5];

% Condition 2 
names{2}='Arrows';
onsets{2}=[19.991, 42.013, 58.988, 72.015, 82.01, 90.006, 101.017, 123.006, 136.999, 156.006, 175.013, 183.009, 204.998, 213.994, 236.0, 248.993, 260.004, 290.006, 304.016, 331.002, 344.995, 353.008, 363.003, 374.014, 396.003, 410.013, 448.01, 471.016, 488.007, 497.003, 506.015, 513.994, 542.013, 558.005, 602.017, 613.011, 622.007, 644.018, 657.011, 665.007, 673.037, 695.026, 723.028, 739.02, 762.026, 771.038, 779.034, 796.025, 807.037, 832.024, 854.03, 870.038, 880.033, 902.022, 912.034, 939.021, 961.026, 977.035, 985.031, 1022.029, 1032.024, 1043.035, 1082.033, 1098.008, 1118.031, 1134.023, 1150.032, 1161.026, 1183.032, 1191.028, 1202.023, 1213.034, 1229.009, 1252.014];
durations{2}=[0.594, 0.775, 0.473, 0.586, 0.657, 0.745, 0.503, 0.753, 0.46, 0.544, 0.381, 0.331, 0.469, 0.396, 0.828, 0.304, 0.387, 0.419, 0.309, 0.506, 0.633, 0.564, 0.475, 0.533, 0.801, 0.375, 0.617, 0.889, 0.49, 0.435, 0.794, 0.422, 0.564, 0.4, 0.679, 0.486, 0.538, 0.364, 0.308, 0.419, 0.394, 0.517, 0.574, 0.388, 0.563, 0.51, 0.339, 0.706, 0.772, 0.706, 0.681, 1.014, 0.925, 0.494, 0.533, 0.316, 0.671, 0.454, 0.752, 0.553, 0.558, 0.852, 0.509, 0.478, 0.334, 0.466, 0.458, 0.733, 0.584, 0.571, 0.418, 0.381, 0.998, 0.587];

% Condition 3 
names{3}='Inc_Cues';
onsets{3}=[232.002, 335.017, 369.0, 669.022, 757.011, 1146.017, 1195.026, 1219.014];
durations{3}=[0.5];

% Condition 4
names{4}='Pro_Inc_Arrows';
onsets{4}=[236.0, 344.995, 374.014, 673.037, 762.026, 1150.032, 1202.023, 1229.009];
durations{4}=[0.828, 0.633, 0.533, 0.394, 0.563, 0.458, 0.418, 0.998];

% Condition 5
names{5}='Rea_Inc_Arrow';
onsets{5}=[42.013, 72.015, 123.006, 506.015, 832.024, 880.033, 985.031, 1032.024];
durations{5}=[0.775, 0.586, 0.753, 0.794, 0.706, 0.925, 0.752, 0.558];

save('sessions_dcm.mat', 'names', 'onsets', 'durations');