names=cell(1,5);
onsets=cell(1,5);
durations=cell(1,5);

% Condition 1 
names{1}='Cues';
onsets{1}=[9.091, 20.002, 31.013, 39.059, 61.015, 83.004, 105.01, 127.015, 136.011, 145.006, 161.049, 169.994, 195.015, 214.022, 236.011, 267.012, 277.007, 287.019, 301.012, 321.002, 343.007, 351.02, 359.016, 382.021, 395.015, 405.01, 428.015, 442.008, 458.017, 475.008, 488.018, 510.007, 518.02, 543.008, 551.004, 559.016, 572.01, 583.005, 605.01, 638.995, 661.0, 682.989, 694.001, 706.994, 714.99, 723.003, 747.99, 756.003, 777.992, 798.998, 806.994, 823.003, 836.996, 860.001, 870.013, 883.006, 905.995, 913.991, 922.003, 951.988, 963.0, 976.993, 986.988, 1019.988, 1028.001, 1068.997, 1094.001, 1111.992, 1119.988, 1129.0, 1160.001, 1182.007, 1203.996, 1226.018, 1233.998, 1244.992];
durations{1}=[0.5];

% Condition 2 
names{2}='Arrows';
onsets{2}=[14.155, 27.065, 35.011, 43.007, 64.996, 93.016, 109.008, 132.013, 141.008, 149.004, 166.063, 177.057, 202.045, 224.017, 240.009, 270.993, 281.022, 297.014, 308.008, 331.013, 347.022, 355.018, 364.014, 389.018, 399.013, 410.007, 438.01, 446.006, 462.015, 482.021, 498.013, 514.022, 525.017, 547.022, 555.018, 566.013, 577.007, 593.016, 615.022, 649.006, 671.012, 688.004, 700.997, 710.992, 718.988, 729.999, 751.988, 765.998, 784.989, 802.996, 810.992, 833.015, 841.993, 864.016, 876.993, 888.004, 910.009, 917.989, 931.998, 959.002, 972.995, 980.991, 991.002, 1024.003, 1038.012, 1076.01, 1098.998, 1115.99, 1125.002, 1133.998, 1170.013, 1185.988, 1207.994, 1230.016, 1241.011, 1249.99];
durations{2}=[0.528, 0.39, 0.43, 0.5, 0.591, 0.278, 0.347, 0.569, 0.292, 0.243, 0.576, 0.421, 0.449, 0.485, 0.699, 0.342, 0.454, 0.439, 0.669, 0.474, 0.562, 0.611, 0.408, 0.432, 0.371, 0.33, 0.397, 0.574, 0.554, 0.344, 0.31, 0.56, 0.321, 0.545, 0.478, 0.344, 0.656, 0.644, 0.347, 0.363, 0.544, 0.646, 0.458, 0.353, 0.308, 0.341, 0.464, 0.525, 0.362, 0.579, 0.423, 0.396, 0.35, 0.547, 0.252, 0.352, 0.474, 0.435, 0.337, 0.273, 0.429, 0.278, 0.509, 0.347, 0.373, 0.7, 0.483, 0.552, 0.489, 0.305, 0.486, 0.412, 0.386, 0.405, 0.373, 0.567];

% Condition 3 
names{3}='Inc_Cues';
onsets{3}=[39.059, 127.015, 510.007, 559.016, 583.005, 860.001, 905.995, 963.0];
durations{3}=[0.5];

% Condition 4
names{4}='Pro_Inc_Arrows';
onsets{4}=[43.007, 132.013, 514.022, 566.013, 593.016, 864.016, 910.009, 972.995];
durations{4}=[0.5, 0.569, 0.56, 0.344, 0.644, 0.547, 0.474, 0.429];

% Condition 5
names{5}='Rea_Inc_Arrow';
onsets{5}=[202.045, 297.014, 355.018, 399.013, 671.012, 700.997, 751.988, 1133.998, 1207.994];
durations{5}=[0.449, 0.439, 0.611, 0.371, 0.544, 0.458, 0.464, 0.305, 0.386];

save('sessions_dcm.mat', 'names', 'onsets', 'durations');