names=cell(1,5);
onsets=cell(1,5);
durations=cell(1,5);

% Condition 1 
names{1}='Cues';
onsets{1}=[9.011, 20.005, 31.0, 38.996, 62.001, 83.99, 105.996, 128.002, 136.997, 145.993, 162.001, 170.997, 196.002, 215.008, 237.014, 245.01, 267.998, 278.01, 288.005, 301.998, 320.989, 343.011, 351.007, 359.003, 382.008, 395.002, 405.013, 428.002, 442.011, 458.02, 475.012, 487.988, 510.011, 518.007, 543.011, 551.007, 559.003, 572.013, 583.008, 605.013, 639.014, 661.003, 683.009, 694.003, 707.014, 715.01, 723.006, 748.01, 756.006, 778.011, 800.017, 808.013, 824.022, 838.015, 861.003, 871.015, 884.025, 915.026, 923.006, 953.007, 964.002, 978.012, 988.007, 998.002, 1021.007, 1031.002, 1053.024, 1072.015, 1097.002, 1115.01, 1123.006, 1132.002, 1140.997, 1163.003, 1185.008, 1207.014, 1229.003, 1237.016, 1248.01];
durations{1}=[0.5];

% Condition 2 
names{2}='Arrows';
onsets{2}=[14.008, 27.002, 35.015, 42.994, 66.016, 94.002, 110.011, 133.016, 142.011, 150.007, 166.999, 177.993, 202.997, 225.003, 241.012, 249.991, 272.013, 282.008, 298.017, 308.995, 331.0, 347.009, 355.005, 364.0, 388.988, 399.0, 410.011, 438.013, 446.009, 462.002, 481.991, 498.0, 514.009, 525.003, 547.009, 555.005, 566.016, 577.011, 593.003, 615.008, 649.009, 671.032, 688.006, 701.017, 711.028, 719.008, 730.003, 752.024, 766.017, 785.008, 804.015, 812.028, 834.017, 843.012, 865.018, 878.012, 889.006, 919.008, 933.001, 960.021, 973.997, 982.01, 992.005, 1003.016, 1025.005, 1041.014, 1060.004, 1079.011, 1102.016, 1119.008, 1128.003, 1137.016, 1145.012, 1173.014, 1189.006, 1211.012, 1233.018, 1244.012, 1253.008];
durations{2}=[0.742, 0.395, 0.385, 1.044, 0.737, 0.569, 0.427, 0.685, 0.413, 0.37, 0.538, 0.594, 0.679, 0.396, 0.68, 0.815, 0.38, 0.485, 0.731, 0.419, 0.602, 0.434, 0.689, 0.582, 0.356, 0.573, 0.764, 0.415, 0.377, 0.483, 0.398, 0.398, 0.622, 0.874, 0.532, 0.542, 0.596, 0.473, 0.719, 0.497, 0.433, 0.653, 0.75, 0.616, 0.357, 0.605, 0.476, 0.639, 0.538, 0.449, 0.722, 0.679, 0.384, 0.41, 0.711, 0.377, 0.495, 0.357, 0.299, 0.463, 0.667, 0.501, 0.354, 0.511, 2.158, 0.461, 0.41, 0.481, 0.791, 0.479, 0.846, 0.774, 0.58, 0.59, 0.462, 0.732, 0.721, 0.405, 0.531];

% Condition 3 
names{3}='Inc_Cues';
onsets{3}=[38.996, 128.002, 510.011, 559.003, 583.008, 861.003, 964.002, 998.002, 1053.024];
durations{3}=[0.5];

% Condition 4
names{4}='Pro_Inc_Arrows';
onsets{4}=[42.994, 133.016, 514.009, 566.016, 593.003, 865.018, 973.997, 1003.016, 1060.004];
durations{4}=[1.044, 0.685, 0.622, 0.596, 0.719, 0.711, 0.667, 0.511, 0.41];

% Condition 5
names{5}='Rea_Inc_Arrow';
onsets{5}=[202.997, 249.991, 298.017, 355.005, 399.0, 671.032, 701.017, 752.024, 1137.016, 1211.012];
durations{5}=[0.679, 0.815, 0.731, 0.689, 0.573, 0.653, 0.616, 0.639, 0.774, 0.732];

save('sessions_dcm.mat', 'names', 'onsets', 'durations');