names=cell(1,5);
onsets=cell(1,5);
durations=cell(1,5);

% Condition 1 
names{1}='Cues';
onsets{1}=[9.081, 20.008, 31.003, 39.066, 62.004, 83.993, 107.015, 129.004, 137.983, 146.995, 163.07, 172.016, 218.992, 241.015, 249.011, 272.016, 282.011, 291.99, 305.999, 326.006, 347.995, 356.007, 364.003, 387.009, 400.002, 410.014, 433.002, 447.012, 463.004, 480.012, 493.006, 524.007, 548.994, 557.007, 565.003, 590.007, 612.013, 645.025, 667.014, 689.019, 700.031, 713.024, 722.02, 730.032, 756.003, 789.019, 811.008, 819.021, 835.013, 849.006, 872.011, 897.032, 920.021, 939.028, 970.012, 981.024, 995.017, 1005.028, 1015.007, 1038.028, 1046.008, 1068.013, 1088.02, 1113.024, 1142.026, 1151.005, 1160.018, 1182.023, 1204.029, 1251.022, 1259.018, 1270.013];
durations{1}=[0.5];

% Condition 2 
names{2}='Arrows';
onsets{2}=[14.128, 27.055, 35.001, 43.014, 66.002, 94.005, 110.996, 134.001, 143.014, 150.993, 168.051, 179.046, 229.004, 245.013, 254.058, 276.014, 286.009, 302.001, 313.012, 336.001, 351.993, 359.989, 369.017, 394.005, 404.017, 415.011, 443.014, 451.01, 467.019, 487.009, 502.985, 531.003, 552.992, 561.005, 572.016, 600.019, 622.008, 655.02, 677.025, 694.017, 707.011, 717.022, 726.018, 737.029, 760.017, 796.016, 815.023, 823.019, 845.025, 854.02, 876.026, 902.03, 924.002, 949.023, 977.026, 991.019, 999.031, 1009.026, 1020.021, 1042.026, 1056.019, 1075.027, 1095.033, 1118.022, 1147.024, 1156.02, 1164.016, 1192.018, 1208.01, 1255.02, 1266.015, 1275.01];
durations{2}=[0.446, 0.498, 0.56, 1.193, 0.615, 0.993, 0.688, 0.602, 0.543, 0.449, 0.491, 0.646, 0.488, 0.6, 0.494, 0.538, 0.48, 0.743, 0.844, 0.721, 0.643, 0.889, 0.805, 0.473, 0.656, 0.945, 0.593, 0.719, 0.583, 0.622, 1.31, 0.64, 0.616, 0.579, 0.684, 0.461, 0.577, 0.707, 0.785, 0.752, 0.839, 0.981, 0.716, 0.975, 0.831, 0.544, 0.53, 0.628, 0.772, 0.743, 1.008, 0.904, 0.844, 0.643, 0.715, 0.608, 0.911, 0.459, 0.725, 0.473, 0.621, 1.68, 0.498, 0.494, 0.432, 0.856, 0.616, 0.451, 0.436, 0.502, 0.799, 1.371];

% Condition 3 
names{3}='Inc_Cues';
onsets{3}=[39.066, 129.004, 565.003, 590.007, 872.011, 920.021, 981.024, 1015.007, 1068.013];
durations{3}=[0.5];

% Condition 4
names{4}='Pro_Inc_Arrows';
onsets{4}=[43.014, 134.001, 572.016, 600.019, 876.026, 924.002, 991.019, 1020.021, 1075.027];
durations{4}=[1.193, 0.602, 0.684, 0.461, 1.008, 0.844, 0.608, 0.725, 1.68];

% Condition 5
names{5}='Rea_Inc_Arrow';
onsets{5}=[254.058, 302.001, 359.989, 404.017, 677.025, 707.011, 760.017, 1156.02];
durations{5}=[0.494, 0.743, 0.889, 0.656, 0.785, 0.839, 0.831, 0.856];

save('sessions_dcm.mat', 'names', 'onsets', 'durations');