names=cell(1,5);
onsets=cell(1,5);
durations=cell(1,5);

% Condition 1 
names{1}='Cues';
onsets{1}=[9.007, 20.001, 31.012, 60.998, 83.02, 105.009, 127.015, 136.01, 145.006, 171.01, 215.021, 268.012, 278.007, 288.002, 302.011, 322.018, 343.991, 352.02, 360.016, 383.021, 396.015, 406.01, 429.015, 443.008, 459.017, 475.009, 488.019, 510.008, 518.021, 543.009, 551.005, 559.001, 572.011, 583.005, 639.015, 683.026, 707.014, 715.027, 723.023, 748.027, 756.023, 778.013, 800.018, 808.031, 824.023, 838.033, 861.021, 871.033, 884.027, 907.015, 915.028, 923.024, 953.026, 964.02, 978.03, 988.025, 1021.025, 1029.021, 1051.027, 1070.018, 1095.022, 1112.03, 1120.026, 1160.023, 1182.029, 1204.035, 1226.024, 1234.02, 1245.014];
durations{1}=[0.5];

% Condition 2 
names{2}='Arrows';
onsets{2}=[14.021, 27.014, 35.01, 65.012, 93.015, 109.007, 131.996, 141.008, 149.021, 178.006, 225.016, 272.01, 282.021, 298.013, 309.008, 332.013, 348.022, 356.018, 365.013, 390.001, 399.996, 411.024, 439.01, 447.023, 463.015, 482.022, 498.014, 514.023, 525.001, 547.023, 555.019, 565.997, 577.008, 593.0, 649.01, 688.024, 711.029, 719.025, 730.02, 752.009, 766.018, 785.01, 804.033, 812.029, 834.018, 843.014, 865.019, 878.03, 889.024, 911.03, 919.026, 933.02, 960.022, 974.032, 982.028, 992.023, 1025.007, 1039.033, 1058.024, 1077.031, 1100.003, 1116.028, 1125.024, 1170.035, 1186.01, 1208.033, 1230.022, 1241.033, 1250.012];
durations{2}=[0.414, 0.348, 0.326, 0.308, 0.415, 0.312, 0.457, 0.334, 0.512, 0.526, 0.422, 0.339, 0.442, 0.421, 0.473, 0.358, 0.457, 0.478, 0.564, 0.399, 0.341, 0.282, 0.313, 0.377, 0.367, 0.33, 0.343, 0.502, 0.36, 0.312, 0.476, 0.452, 0.392, 0.362, 0.513, 0.414, 0.548, 0.509, 0.488, 0.588, 0.62, 0.527, 0.419, 0.491, 0.58, 0.661, 0.349, 0.28, 0.54, 0.317, 0.304, 0.31, 0.417, 0.371, 0.291, 0.664, 0.357, 0.61, 0.28, 0.346, 0.29, 0.416, 0.495, 0.403, 0.713, 0.476, 0.558, 0.585, 0.381];

% Condition 3 
names{3}='Inc_Cues';
onsets{3}=[127.015, 510.008, 559.001, 583.005, 861.021, 907.015, 964.02, 1051.027];
durations{3}=[0.5];

% Condition 4
names{4}='Pro_Inc_Arrows';
onsets{4}=[131.996, 514.023, 565.997, 593.0, 865.019, 911.03, 974.032, 1058.024];
durations{4}=[0.457, 0.502, 0.452, 0.362, 0.349, 0.317, 0.371, 0.28];

% Condition 5
names{5}='Rea_Inc_Arrow';
onsets{5}=[298.013, 356.018, 399.996, 752.009, 1208.033];
durations{5}=[0.421, 0.478, 0.341, 0.588, 0.476];

save('sessions_dcm.mat', 'names', 'onsets', 'durations');