names=cell(1,5);
onsets=cell(1,5);
durations=cell(1,5);

% Condition 1 
names{1}='Cues';
onsets{1}=[10.005, 32.01, 54.016, 65.01, 78.004, 86.016, 94.012, 119.016, 127.012, 149.001, 171.007, 179.003, 195.012, 209.005, 232.01, 241.988, 255.015, 278.003, 286.016, 293.995, 325.013, 336.007, 350.0, 360.012, 370.007, 393.012, 401.008, 423.014, 442.004, 487.015, 495.011, 504.006, 513.002, 535.007, 557.013, 580.001, 602.007, 610.003, 622.014, 645.007, 656.002, 666.996, 675.009, 696.998, 719.004, 741.009, 764.014, 773.01, 783.005, 799.996, 809.008, 834.012, 853.003, 875.008, 883.004, 906.01, 916.004, 927.016, 941.009, 961.015, 983.004, 991.0, 998.996, 1023.001, 1038.01, 1048.005, 1072.009, 1085.986, 1101.994, 1119.002, 1132.013, 1154.002, 1163.014, 1188.001, 1197.013, 1205.009, 1218.003, 1252.002];
durations{1}=[0.5];

% Condition 2 
names{2}='Arrows';
onsets{2}=[20.0, 42.005, 59.013, 72.007, 82.018, 90.014, 101.009, 123.014, 136.991, 155.998, 175.005, 183.018, 205.007, 214.002, 236.008, 249.002, 260.012, 282.002, 290.014, 304.007, 332.009, 346.002, 354.015, 364.01, 375.004, 397.01, 411.003, 430.01, 449.001, 491.013, 500.008, 509.004, 517.016, 545.002, 561.011, 584.016, 606.005, 617.016, 627.011, 650.005, 663.015, 671.011, 679.007, 701.013, 729.015, 745.007, 769.012, 778.007, 787.003, 805.01, 816.005, 841.009, 863.014, 879.006, 887.985, 910.008, 920.003, 937.011, 948.005, 971.01, 987.002, 995.015, 1004.01, 1030.014, 1042.008, 1053.002, 1082.004, 1090.0, 1106.009, 1126.016, 1142.008, 1158.0, 1169.993, 1192.016, 1201.011, 1212.006, 1223.0, 1262.014];
durations{2}=[0.673, 0.752, 0.829, 0.757, 0.751, 0.783, 0.772, 0.81, 0.734, 0.523, 0.621, 0.451, 0.416, 0.768, 0.805, 0.673, 0.53, 0.736, 0.447, 0.588, 0.662, 0.694, 0.77, 0.657, 0.488, 0.565, 0.679, 0.597, 0.803, 0.834, 0.547, 0.873, 0.909, 0.689, 0.956, 0.779, 0.652, 0.955, 0.645, 0.671, 0.705, 0.617, 0.589, 0.881, 0.736, 0.97, 0.58, 1.203, 0.691, 0.537, 0.723, 0.752, 0.422, 0.961, 0.726, 0.668, 1.261, 0.76, 0.713, 0.688, 0.661, 0.612, 1.281, 2.614, 0.743, 1.037, 0.708, 0.725, 0.512, 0.668, 0.456, 0.982, 0.774, 1.814, 0.673, 0.806, 0.864, 0.819];

% Condition 3 
names{3}='Inc_Cues';
onsets{3}=[232.01, 278.003, 336.007, 370.007, 423.014, 675.009, 764.014, 1154.002, 1205.009];
durations{3}=[0.5];

% Condition 4
names{4}='Pro_Inc_Arrows';
onsets{4}=[236.008, 282.002, 346.002, 375.004, 430.01, 679.007, 769.012, 1158.0, 1212.006];
durations{4}=[0.805, 0.736, 0.694, 0.488, 0.597, 0.589, 0.58, 0.982, 0.806];

% Condition 5
names{5}='Rea_Inc_Arrow';
onsets{5}=[42.005, 72.007, 123.014, 509.004, 584.016, 841.009, 887.985, 937.011, 995.015, 1042.008];
durations{5}=[0.752, 0.757, 0.81, 0.873, 0.779, 0.752, 0.726, 0.76, 0.612, 0.743];

save('sessions_dcm.mat', 'names', 'onsets', 'durations');