names=cell(1,5);
onsets=cell(1,5);
durations=cell(1,5);

% Condition 1 
names{1}='Cues';
onsets{1}=[9.102, 20.014, 31.008, 39.071, 61.01, 83.015, 105.004, 127.01, 136.005, 145.017, 162.059, 171.004, 196.008, 215.016, 237.004, 245.001, 268.006, 278.017, 288.012, 302.005, 322.012, 344.001, 351.997, 359.993, 383.014, 396.008, 406.003, 429.008, 443.001, 459.01, 475.002, 488.012, 510.001, 518.013, 543.001, 550.997, 559.009, 572.003, 583.014, 605.003, 639.016, 661.021, 683.01, 694.021, 707.015, 715.011, 723.024, 748.011, 756.024, 778.013, 799.019, 807.015, 823.023, 837.0, 860.021, 870.0, 883.01, 906.015, 922.007, 953.025, 964.019, 978.012, 988.024, 998.019, 1021.024, 1029.003, 1051.009, 1070.016, 1095.02, 1113.011, 1121.007, 1130.002, 1139.014, 1161.02, 1183.009, 1204.998, 1227.02, 1235.016, 1246.011];
durations{1}=[0.5];

% Condition 2 
names{2}='Arrows';
onsets{2}=[14.167, 27.06, 35.006, 43.019, 65.008, 93.01, 109.002, 132.007, 141.003, 148.999, 167.073, 178.067, 203.038, 225.01, 241.002, 250.048, 272.004, 282.015, 298.007, 309.002, 332.007, 348.015, 356.011, 365.007, 389.994, 400.006, 411.001, 439.003, 446.999, 463.008, 481.998, 498.007, 514.015, 525.01, 547.015, 554.995, 566.006, 577.0, 593.009, 615.014, 649.011, 671.016, 688.024, 701.001, 711.013, 719.026, 730.02, 752.026, 766.019, 785.009, 803.017, 811.013, 833.018, 842.014, 864.019, 877.013, 888.024, 910.013, 932.019, 960.004, 974.014, 982.01, 992.022, 1003.016, 1025.022, 1039.015, 1058.022, 1077.012, 1100.017, 1117.009, 1126.021, 1135.016, 1143.012, 1171.015, 1187.024, 1208.996, 1231.018, 1242.013, 1251.008];
durations{2}=[0.604, 0.328, 0.458, 0.478, 0.456, 0.723, 0.343, 0.485, 0.418, 0.533, 0.452, 0.667, 0.678, 0.714, 0.515, 0.549, 0.84, 0.5, 0.456, 0.708, 0.63, 0.712, 0.647, 0.631, 0.468, 0.594, 0.759, 0.42, 0.435, 0.4, 0.673, 0.472, 0.422, 0.407, 0.449, 0.594, 0.414, 0.492, 0.362, 0.388, 0.614, 0.524, 0.614, 0.65, 0.674, 0.512, 0.442, 0.583, 0.352, 0.408, 0.478, 0.343, 0.478, 0.374, 0.38, 0.449, 0.282, 0.533, 0.497, 0.757, 0.675, 0.634, 0.502, 0.517, 0.546, 0.436, 0.856, 0.639, 0.768, 0.635, 0.446, 0.579, 0.59, 0.491, 0.525, 0.692, 0.399, 0.425, 0.427];

% Condition 3 
names{3}='Inc_Cues';
onsets{3}=[39.071, 127.01, 510.001, 559.009, 583.014, 860.021, 906.015, 964.019, 998.019, 1051.009];
durations{3}=[0.5];

% Condition 4
names{4}='Pro_Inc_Arrows';
onsets{4}=[43.019, 132.007, 514.015, 566.006, 593.009, 864.019, 910.013, 974.014, 1003.016, 1058.022];
durations{4}=[0.478, 0.485, 0.422, 0.414, 0.362, 0.38, 0.533, 0.675, 0.517, 0.856];

% Condition 5
names{5}='Rea_Inc_Arrow';
onsets{5}=[203.038, 250.048, 298.007, 356.011, 400.006, 671.016, 701.001, 752.026, 1135.016, 1208.996];
durations{5}=[0.678, 0.549, 0.456, 0.647, 0.594, 0.524, 0.65, 0.583, 0.579, 0.692];

save('sessions_dcm.mat', 'names', 'onsets', 'durations');