names=cell(1,5);
onsets=cell(1,5);
durations=cell(1,5);

% Condition 1 
names{1}='Cues';
onsets{1}=[10.014, 32.003, 53.992, 65.004, 86.01, 94.006, 119.01, 127.006, 149.012, 170.001, 177.997, 194.006, 208.016, 231.004, 241.016, 254.009, 276.998, 293.006, 324.008, 349.012, 359.007, 369.002, 392.007, 400.003, 440.999, 466.003, 483.012, 491.008, 509.015, 531.004, 553.01, 575.016, 598.004, 606.017, 616.995, 639.005, 650.016, 661.011, 669.007, 691.012, 713.002, 735.007, 757.013, 766.008, 775.004, 791.012, 800.008, 844.003, 866.008, 874.004, 897.01, 907.005, 917.0, 931.009, 951.016, 973.005, 989.014, 1012.002, 1025.012, 1035.007, 1058.013, 1072.006, 1088.014, 1104.006, 1117.016, 1147.001, 1172.006, 1188.014, 1201.008, 1212.002, 1234.008];
durations{1}=[0.5];

% Condition 2 
names{2}='Arrows';
onsets{2}=[20.009, 41.998, 59.007, 72.0, 90.008, 101.002, 123.008, 137.001, 156.008, 173.999, 182.012, 204.018, 212.996, 235.002, 248.012, 259.007, 281.012, 303.002, 331.004, 353.01, 363.005, 373.999, 396.005, 409.998, 448.012, 471.018, 487.01, 496.005, 513.013, 541.016, 557.008, 579.014, 602.002, 613.013, 622.009, 644.003, 657.013, 665.009, 673.005, 695.01, 723.013, 739.005, 762.01, 771.006, 779.002, 796.01, 807.004, 854.014, 870.006, 879.002, 901.008, 911.003, 927.011, 938.006, 961.011, 977.003, 994.011, 1018.999, 1029.01, 1040.005, 1068.008, 1076.004, 1092.012, 1111.003, 1127.011, 1153.998, 1176.004, 1195.011, 1206.005, 1222.014, 1244.003];
durations{2}=[0.65, 0.58, 0.583, 0.421, 0.398, 0.369, 0.515, 0.392, 0.283, 0.324, 0.303, 0.649, 0.414, 0.367, 0.322, 0.275, 0.289, 0.472, 0.426, 0.389, 0.602, 0.546, 0.253, 0.287, 0.288, 0.389, 0.53, 0.338, 0.749, 0.391, 0.334, 1.056, 0.314, 0.516, 0.558, 0.416, 0.275, 0.365, 0.301, 0.36, 0.444, 0.332, 0.469, 0.247, 0.297, 0.534, 0.323, 0.289, 0.333, 0.51, 0.508, 0.32, 0.686, 0.692, 0.308, 0.404, 0.601, 0.46, 0.499, 0.395, 0.459, 0.328, 0.349, 0.309, 0.493, 0.415, 0.498, 0.331, 0.48, 0.388, 0.491];

% Condition 3 
names{3}='Inc_Cues';
onsets{3}=[231.004, 276.998, 369.002, 669.007, 757.013, 1188.014, 1212.002];
durations{3}=[0.5];

% Condition 4
names{4}='Pro_Inc_Arrows';
onsets{4}=[235.002, 281.012, 373.999, 673.005, 762.01, 1195.011, 1222.014];
durations{4}=[0.367, 0.289, 0.546, 0.301, 0.469, 0.331, 0.388];

% Condition 5
names{5}='Rea_Inc_Arrow';
onsets{5}=[41.998, 72.0, 123.008, 579.014, 879.002, 927.011, 1029.01];
durations{5}=[0.58, 0.421, 0.515, 1.056, 0.51, 0.686, 0.499];

save('sessions_dcm.mat', 'names', 'onsets', 'durations');