names=cell(1,5);
onsets=cell(1,5);
durations=cell(1,5);

% Condition 1 
names{1}='Cues';
onsets{1}=[10.004, 32.01, 54.032, 65.027, 78.02, 86.033, 94.029, 119.033, 127.029, 149.018, 170.024, 178.02, 194.012, 208.022, 231.027, 241.022, 254.015, 277.037, 285.016, 293.029, 323.03, 334.025, 348.034, 358.029, 391.03, 399.026, 421.031, 440.022, 465.026, 483.033, 491.029, 500.025, 509.02, 531.009, 553.015, 575.021, 597.026, 605.022, 616.033, 637.01, 648.004, 658.998, 667.011, 689.0, 711.006, 733.011, 755.0, 764.012, 773.008, 789.0, 798.012, 823.016, 842.006, 863.996, 872.008, 895.013, 905.008, 914.986, 928.996, 949.003, 971.008, 979.004, 987.001, 1010.005, 1023.015, 1032.994, 1055.999, 1069.992, 1086.001, 1101.992, 1115.003, 1144.988, 1170.008, 1178.004, 1185.984, 1198.994, 1209.988, 1231.994];
durations{1}=[0.5];

% Condition 2 
names{2}='Arrows';
onsets{2}=[20.033, 42.022, 59.03, 72.023, 82.018, 90.031, 101.009, 123.031, 137.024, 156.014, 174.022, 182.035, 204.024, 213.019, 235.025, 248.035, 259.013, 281.018, 289.031, 303.024, 330.027, 344.02, 352.032, 362.011, 395.028, 409.02, 428.028, 447.035, 470.006, 487.031, 496.027, 505.022, 513.035, 541.021, 557.029, 579.035, 601.024, 612.018, 621.031, 642.007, 655.017, 663.013, 671.009, 692.998, 721.017, 737.009, 759.998, 768.993, 777.006, 793.997, 804.992, 830.013, 852.018, 867.993, 877.006, 899.011, 909.006, 924.998, 936.009, 958.998, 975.006, 983.002, 991.998, 1017.002, 1027.013, 1038.008, 1065.994, 1074.007, 1090.015, 1109.006, 1125.014, 1152.001, 1174.006, 1181.986, 1192.997, 1204.008, 1220.0, 1242.005];
durations{2}=[0.624, 0.67, 0.508, 0.675, 0.526, 0.557, 0.524, 0.664, 0.417, 0.379, 0.543, 0.322, 0.427, 0.385, 0.464, 0.298, 0.421, 0.446, 0.408, 0.395, 0.427, 0.569, 0.396, 0.453, 0.578, 0.318, 0.811, 0.745, 0.811, 0.518, 0.579, 0.387, 0.46, 0.363, 0.363, 0.579, 0.604, 0.387, 0.412, 0.692, 0.375, 0.313, 0.373, 0.472, 0.503, 0.358, 0.561, 0.349, 0.356, 0.457, 0.443, 0.585, 0.486, 0.466, 0.566, 0.431, 0.339, 0.361, 0.697, 0.458, 0.525, 0.578, 0.459, 0.574, 0.537, 0.489, 0.437, 0.472, 0.316, 0.399, 0.468, 0.454, 0.32, 0.322, 0.43, 0.436, 0.429, 0.706];

% Condition 3 
names{3}='Inc_Cues';
onsets{3}=[231.027, 277.037, 334.025, 421.031, 667.011, 755.0, 1185.984, 1209.988];
durations{3}=[0.5];

% Condition 4
names{4}='Pro_Inc_Arrows';
onsets{4}=[235.025, 281.018, 344.02, 428.028, 671.009, 759.998, 1192.997, 1220.0];
durations{4}=[0.464, 0.446, 0.569, 0.811, 0.373, 0.561, 0.43, 0.429];

% Condition 5
names{5}='Rea_Inc_Arrow';
onsets{5}=[42.022, 72.023, 123.031, 505.022, 579.035, 830.013, 877.006, 924.998, 983.002, 1027.013];
durations{5}=[0.67, 0.675, 0.664, 0.387, 0.579, 0.585, 0.566, 0.361, 0.578, 0.537];

save('sessions_dcm.mat', 'names', 'onsets', 'durations');