names=cell(1,5);
onsets=cell(1,5);
durations=cell(1,5);

% Condition 1 
names{1}='Cues';
onsets{1}=[10.079, 32.019, 54.024, 65.019, 78.029, 86.025, 94.021, 127.021, 149.027, 171.066, 179.012, 195.004, 209.014, 232.069, 242.03, 255.024, 278.029, 286.008, 294.004, 324.023, 349.027, 359.022, 369.017, 392.005, 400.018, 422.024, 441.014, 466.019, 484.01, 492.022, 501.001, 510.013, 532.019, 554.025, 576.03, 598.019, 606.015, 617.01, 640.01, 651.004, 662.016, 670.012, 692.017, 714.006, 736.012, 758.018, 767.013, 776.009, 793.0, 802.012, 827.0, 846.007, 868.013, 876.009, 899.014, 909.009, 919.004, 933.014, 953.004, 975.009, 983.005, 991.002, 1014.007, 1027.017, 1037.012, 1060.0, 1074.01, 1090.002, 1107.01, 1120.004, 1142.009, 1150.005, 1174.993, 1183.006, 1191.002, 1204.012, 1215.006, 1237.012];
durations{1}=[0.5];

% Condition 2 
names{2}='Arrows';
onsets{2}=[20.141, 42.08, 59.072, 72.065, 82.027, 90.023, 101.017, 137.016, 156.023, 175.08, 183.026, 205.065, 214.011, 236.017, 249.027, 260.005, 282.027, 290.006, 304.016, 331.019, 353.008, 363.02, 374.014, 396.02, 410.013, 429.02, 448.028, 471.016, 488.024, 497.02, 506.015, 514.011, 541.997, 558.023, 580.012, 602.017, 613.012, 622.007, 645.007, 658.018, 666.014, 674.01, 696.015, 724.018, 740.01, 763.015, 772.011, 780.007, 798.014, 809.009, 834.013, 856.003, 871.994, 881.006, 903.012, 913.007, 929.016, 940.01, 963.015, 979.007, 987.003, 996.015, 1021.003, 1031.015, 1042.009, 1070.012, 1078.008, 1094.017, 1114.007, 1130.015, 1146.007, 1157.018, 1179.007, 1187.003, 1198.015, 1209.009, 1225.018, 1247.007];
durations{2}=[0.412, 0.637, 0.49, 0.713, 0.523, 0.396, 0.415, 0.915, 0.584, 0.409, 0.396, 0.638, 0.477, 0.616, 0.37, 0.442, 0.624, 0.43, 0.431, 0.463, 0.509, 0.429, 0.614, 0.405, 0.454, 0.602, 0.699, 0.712, 0.632, 0.526, 0.512, 0.769, 0.625, 0.632, 0.696, 0.614, 0.613, 0.432, 0.756, 0.451, 0.512, 0.546, 0.583, 0.471, 0.633, 0.605, 0.421, 0.56, 0.45, 0.533, 0.609, 0.469, 0.445, 0.725, 0.457, 0.458, 0.778, 0.684, 0.433, 0.578, 0.733, 0.563, 0.524, 0.701, 0.442, 0.762, 0.488, 0.473, 0.381, 0.479, 0.508, 0.384, 0.403, 0.389, 0.439, 0.478, 0.551, 0.583];

% Condition 3 
names{3}='Inc_Cues';
onsets{3}=[232.069, 278.029, 369.017, 422.024, 670.012, 758.018, 1142.009, 1191.002, 1215.006];
durations{3}=[0.5];

% Condition 4
names{4}='Pro_Inc_Arrows';
onsets{4}=[236.017, 282.027, 374.014, 429.02, 674.01, 763.015, 1146.007, 1198.015, 1225.018];
durations{4}=[0.616, 0.624, 0.614, 0.602, 0.546, 0.605, 0.508, 0.439, 0.551];

% Condition 5
names{5}='Rea_Inc_Arrow';
onsets{5}=[42.08, 72.065, 506.015, 580.012, 834.013, 881.006, 929.016, 987.003, 1031.015];
durations{5}=[0.637, 0.713, 0.512, 0.696, 0.609, 0.725, 0.778, 0.733, 0.701];

save('sessions_dcm.mat', 'names', 'onsets', 'durations');