names=cell(1,5);
onsets=cell(1,5);
durations=cell(1,5);

% Condition 1 
names{1}='Cues';
onsets{1}=[10.007, 32.012, 54.002, 65.012, 78.006, 86.002, 93.998, 119.002, 127.015, 149.02, 171.009, 179.005, 195.014, 209.007, 232.012, 242.007, 255.001, 278.005, 286.001, 295.013, 326.014, 337.009, 351.002, 361.014, 371.009, 394.014, 402.01, 424.015, 444.022, 470.009, 488.0, 495.996, 505.008, 514.003, 537.008, 560.013, 582.002, 604.008, 612.004, 623.999, 645.011, 656.005, 667.016, 675.012, 697.018, 719.024, 741.013, 763.002, 772.014, 781.026, 798.001, 807.013, 832.001, 851.007, 875.012, 883.025, 906.03, 916.008, 926.02, 941.012, 961.002, 983.008, 991.02, 1000.016, 1023.004, 1036.014, 1047.009, 1070.014, 1084.007, 1099.999, 1117.024, 1130.0, 1153.005, 1187.022, 1195.018, 1203.014, 1216.007, 1227.002, 1249.007];
durations{1}=[0.5];

% Condition 2 
names{2}='Arrows';
onsets{2}=[20.002, 42.007, 59.015, 72.009, 82.004, 90.016, 101.011, 123.0, 137.01, 156.0, 175.007, 183.003, 205.009, 214.004, 236.01, 249.003, 260.014, 282.003, 290.016, 305.008, 333.011, 347.004, 355.017, 365.012, 376.006, 398.012, 412.005, 431.012, 451.002, 475.006, 492.014, 501.01, 510.005, 518.001, 547.003, 564.011, 586.017, 608.006, 619.0, 629.012, 650.008, 663.002, 671.014, 679.01, 701.016, 729.002, 745.011, 768.016, 777.011, 785.007, 803.015, 814.009, 839.013, 861.019, 879.01, 888.005, 910.011, 920.006, 936.015, 948.009, 971.014, 987.006, 995.002, 1005.013, 1030.001, 1040.012, 1052.006, 1080.009, 1088.021, 1104.013, 1124.003, 1140.012, 1157.02, 1191.003, 1198.999, 1210.01, 1221.005, 1237.013, 1259.002];
durations{2}=[0.858, 0.782, 0.867, 0.905, 0.793, 0.656, 0.751, 0.702, 0.751, 0.634, 0.753, 0.665, 0.71, 0.668, 0.765, 0.767, 0.599, 0.716, 1.003, 0.709, 0.65, 0.868, 0.758, 0.755, 0.831, 0.768, 0.678, 1.132, 1.379, 1.199, 0.723, 0.838, 0.807, 1.705, 1.645, 0.598, 0.8, 0.647, 0.999, 0.611, 0.859, 0.802, 0.708, 0.696, 0.622, 0.747, 0.609, 0.888, 0.681, 0.71, 0.841, 0.736, 0.611, 2.424, 0.634, 0.82, 0.624, 0.626, 1.117, 0.986, 0.904, 0.592, 1.082, 0.822, 0.621, 1.556, 0.768, 0.746, 0.733, 0.541, 0.661, 1.083, 0.831, 0.831, 0.608, 0.94, 0.667, 0.91, 0.845];

% Condition 3 
names{3}='Inc_Cues';
onsets{3}=[232.012, 278.005, 337.009, 371.009, 424.015, 675.012, 763.002, 1153.005, 1203.014, 1227.002];
durations{3}=[0.5];

% Condition 4
names{4}='Pro_Inc_Arrows';
onsets{4}=[236.01, 282.003, 347.004, 376.006, 431.012, 679.01, 768.016, 1157.02, 1210.01, 1237.013];
durations{4}=[0.765, 0.716, 0.868, 0.831, 1.132, 0.696, 0.888, 0.831, 0.94, 0.91];

% Condition 5
names{5}='Rea_Inc_Arrow';
onsets{5}=[42.007, 72.009, 123.0, 510.005, 586.017, 839.013, 888.005, 936.015, 995.002, 1040.012];
durations{5}=[0.782, 0.905, 0.702, 0.807, 0.8, 0.611, 0.82, 1.117, 1.082, 1.556];

save('sessions_dcm.mat', 'names', 'onsets', 'durations');