names=cell(1,5);
onsets=cell(1,5);
durations=cell(1,5);

% Condition 1 
names{1}='Cues';
onsets{1}=[10.016, 32.005, 54.011, 65.005, 78.016, 87.011, 95.007, 120.011, 129.007, 151.012, 173.001, 181.014, 197.006, 211.015, 234.004, 244.015, 258.008, 281.013, 289.009, 297.005, 328.007, 339.001, 354.01, 364.005, 374.017, 397.005, 405.001, 427.007, 446.014, 471.001, 489.009, 497.005, 506.001, 515.013, 537.001, 559.007, 581.013, 603.002, 611.014, 622.009, 644.017, 655.012, 666.006, 674.003, 696.008, 719.013, 741.019, 772.003, 781.015, 798.007, 807.002, 832.006, 851.013, 873.002, 881.015, 904.003, 914.015, 924.01, 938.003, 957.01, 979.016, 997.007, 1020.012, 1033.005, 1044.016, 1067.005, 1081.014, 1098.006, 1115.014, 1128.007, 1150.013, 1184.013, 1193.008, 1201.004, 1215.014, 1248.014];
durations{1}=[0.5];

% Condition 2 
names{2}='Arrows';
onsets{2}=[20.011, 42.017, 59.008, 72.002, 82.014, 91.009, 102.004, 124.009, 139.018, 158.009, 177.016, 185.012, 207.017, 216.013, 238.002, 251.012, 263.006, 284.995, 293.007, 307.017, 335.003, 349.013, 358.008, 368.003, 379.014, 401.003, 415.013, 434.003, 453.01, 476.015, 493.007, 502.002, 511.015, 519.011, 547.013, 563.005, 585.011, 607.016, 618.011, 627.006, 649.015, 662.008, 670.004, 678.017, 700.006, 729.008, 745.017, 777.017, 785.013, 803.004, 814.015, 839.003, 861.008, 877.017, 886.012, 908.018, 918.013, 934.005, 945.016, 967.005, 983.014, 1002.004, 1027.008, 1037.003, 1049.014, 1077.016, 1085.012, 1102.004, 1122.01, 1137.986, 1154.011, 1188.011, 1197.006, 1208.017, 1220.011, 1258.009];
durations{2}=[0.656, 0.66, 0.459, 0.613, 1.095, 0.735, 0.69, 1.018, 0.635, 0.681, 0.652, 0.322, 0.454, 0.586, 0.664, 1.3, 0.665, 0.817, 0.405, 0.691, 0.424, 1.423, 0.572, 0.572, 0.832, 0.34, 0.555, 0.845, 0.795, 0.676, 0.607, 0.658, 0.516, 0.922, 0.508, 0.45, 0.683, 0.683, 0.526, 1.504, 0.384, 0.57, 0.567, 0.559, 1.772, 0.422, 0.362, 0.773, 0.828, 0.489, 0.776, 0.734, 0.526, 0.506, 0.768, 0.529, 0.88, 0.654, 0.388, 0.733, 0.857, 0.409, 0.892, 1.064, 0.602, 0.815, 0.967, 0.674, 0.537, 0.446, 0.679, 1.506, 0.721, 1.184, 0.653, 0.846];

% Condition 3 
names{3}='Inc_Cues';
onsets{3}=[234.004, 281.013, 339.001, 374.017, 427.007, 674.003, 1150.013, 1201.004];
durations{3}=[0.5];

% Condition 4
names{4}='Pro_Inc_Arrows';
onsets{4}=[238.002, 284.995, 349.013, 379.014, 434.003, 678.017, 1154.011, 1208.017];
durations{4}=[0.664, 0.817, 1.423, 0.832, 0.845, 0.559, 0.679, 1.184];

% Condition 5
names{5}='Rea_Inc_Arrow';
onsets{5}=[42.017, 72.002, 124.009, 511.015, 585.011, 839.003, 886.012, 934.005, 1037.003];
durations{5}=[0.66, 0.613, 1.018, 0.516, 0.683, 0.734, 0.768, 0.654, 1.064];

save('sessions_dcm.mat', 'names', 'onsets', 'durations');