names=cell(1,5);
onsets=cell(1,5);
durations=cell(1,5);

% Condition 1 
names{1}='Cues';
onsets{1}=[10.004, 32.009, 54.015, 65.009, 78.003, 86.016, 94.012, 119.016, 127.012, 149.017, 171.006, 179.002, 194.994, 209.004, 232.009, 242.004, 255.014, 278.002, 286.015, 294.011, 325.012, 336.007, 350.016, 360.011, 370.006, 393.011, 401.007, 423.013, 442.003, 467.007, 485.015, 493.011, 502.006, 511.002, 533.008, 555.013, 577.002, 599.008, 607.004, 618.015, 641.011, 652.006, 663.017, 671.013, 693.018, 715.007, 737.013, 759.018, 768.014, 777.009, 793.018, 802.013, 827.002, 846.008, 868.014, 876.01, 899.015, 909.01, 919.005, 933.014, 953.004, 975.01, 983.006, 991.002, 1014.007, 1027.017, 1037.012, 1060.001, 1074.01, 1090.002, 1107.01, 1120.004, 1142.009, 1150.005, 1175.009, 1183.005, 1191.001, 1204.011, 1215.006, 1237.011];
durations{1}=[0.5];

% Condition 2 
names{2}='Arrows';
onsets{2}=[20.015, 42.004, 59.012, 72.006, 82.018, 90.014, 101.008, 123.014, 137.007, 156.014, 175.004, 183.017, 205.006, 214.018, 236.007, 249.017, 260.011, 282.017, 290.013, 304.006, 332.009, 346.002, 354.014, 364.009, 375.004, 397.009, 411.002, 430.009, 449.016, 472.005, 489.013, 498.008, 507.004, 515.0, 543.003, 559.011, 581.0, 603.006, 614.0, 623.012, 646.009, 659.003, 667.015, 675.011, 697.016, 725.019, 741.011, 764.016, 773.011, 781.007, 798.016, 809.01, 834.014, 856.003, 872.012, 881.007, 903.013, 913.008, 929.016, 940.011, 963.016, 979.008, 987.004, 996.016, 1021.003, 1031.015, 1042.009, 1070.012, 1078.008, 1094.017, 1114.007, 1130.015, 1146.007, 1157.002, 1179.007, 1187.003, 1198.014, 1209.009, 1225.001, 1247.006];
durations{2}=[0.828, 0.858, 0.916, 0.642, 0.783, 0.798, 0.566, 0.688, 0.894, 0.607, 0.611, 0.483, 0.41, 0.489, 0.675, 0.484, 0.637, 0.664, 0.491, 0.535, 0.547, 0.616, 0.606, 0.679, 0.561, 0.579, 0.452, 0.783, 0.462, 0.636, 0.582, 0.646, 0.542, 0.931, 0.633, 0.614, 0.723, 0.74, 0.559, 0.649, 0.478, 0.597, 0.498, 0.553, 0.617, 0.522, 0.656, 0.608, 0.412, 0.367, 0.52, 0.53, 0.664, 0.751, 0.629, 0.646, 0.62, 0.567, 0.8, 0.867, 0.908, 0.569, 0.594, 0.522, 0.479, 0.554, 0.912, 0.573, 0.636, 0.844, 0.834, 0.347, 0.507, 0.508, 0.56, 0.642, 0.915, 0.662, 0.683, 0.646];

% Condition 3 
names{3}='Inc_Cues';
onsets{3}=[232.009, 278.002, 336.007, 370.006, 423.013, 671.013, 759.018, 1142.009, 1191.001, 1215.006];
durations{3}=[0.5];

% Condition 4
names{4}='Pro_Inc_Arrows';
onsets{4}=[236.007, 282.017, 346.002, 375.004, 430.009, 675.011, 764.016, 1146.007, 1198.014, 1225.001];
durations{4}=[0.675, 0.664, 0.616, 0.561, 0.783, 0.553, 0.608, 0.507, 0.915, 0.683];

% Condition 5
names{5}='Rea_Inc_Arrow';
onsets{5}=[42.004, 72.006, 123.014, 507.004, 581.0, 834.014, 881.007, 929.016, 987.004, 1031.015];
durations{5}=[0.858, 0.642, 0.688, 0.542, 0.723, 0.664, 0.646, 0.8, 0.594, 0.554];

save('sessions_dcm.mat', 'names', 'onsets', 'durations');