names=cell(1,5);
onsets=cell(1,5);
durations=cell(1,5);

% Condition 1 
names{1}='Cues';
onsets{1}=[10.084, 31.99, 54.995, 67.006, 81.015, 89.011, 97.007, 122.012, 130.008, 151.997, 174.069, 183.015, 199.007, 213.016, 236.071, 246.016, 259.993, 282.998, 292.01, 300.989, 332.007, 343.018, 358.011, 368.006, 378.001, 401.989, 411.001, 433.007, 452.014, 478.018, 496.009, 504.005, 522.012, 545.018, 567.007, 589.012, 612.017, 619.997, 631.008, 656.001, 667.012, 678.007, 686.003, 709.008, 732.013, 754.002, 777.008, 786.003, 795.015, 812.007, 822.018, 846.989, 867.013, 890.018, 898.014, 921.003, 931.014, 941.009, 954.986, 974.992, 996.998, 1006.01, 1015.006, 1039.01, 1051.987, 1063.015, 1087.003, 1101.013, 1117.005, 1134.013, 1146.99, 1169.012, 1201.996, 1218.004, 1232.014, 1243.009, 1265.997];
durations{1}=[0.5];

% Condition 2 
names{2}='Arrows';
onsets{2}=[20.179, 42.051, 60.059, 74.069, 85.013, 92.993, 103.987, 126.01, 140.003, 159.01, 178.05, 187.013, 209.052, 218.014, 240.019, 253.013, 265.007, 287.013, 296.008, 311.017, 339.004, 353.013, 362.009, 372.004, 383.015, 406.003, 421.013, 440.004, 459.01, 483.015, 500.007, 509.019, 526.01, 555.013, 571.005, 593.01, 616.015, 627.01, 636.005, 661.015, 674.009, 682.005, 690.018, 713.006, 742.008, 758.017, 782.005, 791.001, 799.013, 817.004, 829.015, 854.003, 877.008, 893.999, 903.011, 925.017, 935.012, 951.004, 961.999, 985.004, 1001.013, 1010.008, 1020.003, 1046.007, 1056.019, 1068.013, 1096.998, 1105.011, 1121.003, 1141.01, 1157.018, 1173.01, 1206.01, 1225.018, 1236.995, 1253.004, 1276.009];
durations{2}=[0.743, 0.94, 1.171, 1.445, 0.92, 0.948, 0.702, 0.903, 0.894, 1.012, 1.717, 0.569, 0.793, 0.878, 0.588, 1.078, 0.866, 1.246, 1.282, 1.124, 0.841, 1.227, 0.39, 0.569, 1.075, 1.247, 0.713, 0.95, 1.142, 0.717, 0.673, 0.554, 1.26, 0.765, 0.74, 1.28, 0.959, 0.808, 0.928, 0.673, 0.764, 0.549, 1.123, 1.143, 0.93, 0.985, 0.799, 0.495, 0.863, 1.06, 0.614, 1.015, 1.071, 0.913, 0.843, 0.86, 0.665, 0.847, 1.141, 0.862, 1.183, 0.986, 1.091, 0.876, 0.983, 1.502, 0.905, 0.747, 1.129, 0.639, 0.45, 0.698, 0.948, 1.563, 0.756, 1.106, 0.781];

% Condition 3 
names{3}='Inc_Cues';
onsets{3}=[236.071, 282.998, 343.018, 378.001, 433.007, 686.003, 777.008, 1169.012, 1218.004, 1243.009];
durations{3}=[0.5];

% Condition 4
names{4}='Pro_Inc_Arrows';
onsets{4}=[240.019, 287.013, 353.013, 383.015, 440.004, 690.018, 782.005, 1173.01, 1225.018, 1253.004];
durations{4}=[0.588, 1.246, 1.227, 1.075, 0.95, 1.123, 0.799, 0.698, 1.563, 1.106];

% Condition 5
names{5}='Rea_Inc_Arrow';
onsets{5}=[42.051, 74.069, 126.01, 593.01, 854.003, 903.011, 951.004, 1010.008, 1056.019];
durations{5}=[0.94, 1.445, 0.903, 1.28, 1.015, 0.843, 0.847, 0.986, 0.983];

save('sessions_dcm.mat', 'names', 'onsets', 'durations');