names=cell(1,5);
onsets=cell(1,5);
durations=cell(1,5);

% Condition 1 
names{1}='Cues';
onsets{1}=[10.007, 32.012, 54.001, 65.013, 78.006, 86.002, 94.015, 119.002, 127.015, 149.004, 170.01, 178.006, 194.015, 208.008, 231.013, 241.008, 254.002, 277.007, 285.003, 293.016, 323.001, 334.012, 348.005, 358.016, 368.011, 391.0, 399.013, 421.002, 440.009, 465.013, 482.005, 490.001, 499.013, 508.008, 530.014, 552.003, 574.009, 596.014, 604.01, 615.005, 636.008, 647.003, 657.997, 666.01, 688.016, 710.005, 731.994, 754.0, 763.012, 772.007, 788.016, 797.011, 822.016, 841.006, 863.012, 870.991, 894.013, 904.008, 914.003, 928.013, 948.003, 970.008, 978.004, 986.017, 1009.006, 1022.016, 1032.011, 1055.016, 1069.009, 1085.001, 1101.993, 1115.003, 1137.008, 1145.004, 1170.009, 1178.005, 1199.011, 1210.005, 1232.011];
durations{1}=[0.5];

% Condition 2 
names{2}='Arrows';
onsets{2}=[20.018, 42.007, 58.999, 72.009, 82.004, 90.017, 101.011, 123.017, 137.01, 156.017, 174.008, 182.004, 204.01, 213.005, 235.011, 248.005, 259.016, 281.005, 289.018, 303.011, 330.014, 344.007, 352.003, 362.014, 373.009, 395.015, 409.008, 428.015, 447.005, 470.01, 486.003, 495.015, 504.01, 512.006, 540.009, 556.018, 578.007, 600.012, 611.007, 620.002, 641.006, 653.999, 661.995, 670.008, 692.014, 720.017, 736.009, 758.997, 768.009, 776.005, 793.013, 804.008, 829.012, 851.018, 866.993, 876.005, 898.011, 908.006, 924.015, 935.009, 957.998, 974.006, 982.002, 991.015, 1016.019, 1026.014, 1037.008, 1065.011, 1073.007, 1089.016, 1109.006, 1124.998, 1140.99, 1152.018, 1174.007, 1182.003, 1204.008, 1220.001, 1242.006];
durations{2}=[0.441, 0.608, 0.457, 0.565, 0.548, 0.459, 0.399, 0.626, 0.385, 0.375, 0.281, 0.304, 0.352, 0.388, 0.343, 0.453, 0.307, 0.654, 0.341, 0.358, 0.562, 0.333, 0.284, 0.253, 0.357, 0.4, 0.327, 0.493, 0.552, 0.315, 0.475, 0.478, 0.467, 0.326, 0.513, 0.451, 0.429, 0.45, 0.53, 0.415, 0.297, 0.258, 0.288, 0.381, 0.429, 0.298, 0.355, 0.331, 0.407, 0.333, 0.506, 0.497, 0.334, 0.508, 0.448, 0.35, 0.489, 0.499, 0.322, 0.509, 0.513, 0.482, 0.356, 0.501, 0.437, 0.565, 0.48, 0.463, 0.318, 0.522, 0.285, 0.314, 0.404, 0.364, 0.345, 0.337, 0.503, 0.39, 0.608];

% Condition 3 
names{3}='Inc_Cues';
onsets{3}=[231.013, 277.007, 334.012, 368.011, 421.002, 666.01, 754.0, 1137.008, 1210.005];
durations{3}=[0.5];

% Condition 4
names{4}='Pro_Inc_Arrows';
onsets{4}=[235.011, 281.005, 344.007, 373.009, 428.015, 670.008, 758.997, 1140.99, 1220.001];
durations{4}=[0.343, 0.654, 0.333, 0.357, 0.493, 0.381, 0.331, 0.404, 0.39];

% Condition 5
names{5}='Rea_Inc_Arrow';
onsets{5}=[42.007, 72.009, 123.017, 504.01, 578.007, 829.012, 876.005, 924.015, 982.002, 1026.014];
durations{5}=[0.608, 0.565, 0.626, 0.467, 0.429, 0.334, 0.35, 0.322, 0.356, 0.565];

save('sessions_dcm.mat', 'names', 'onsets', 'durations');