names=cell(1,5);
onsets=cell(1,5);
durations=cell(1,5);

% Condition 1 
names{1}='Cues';
onsets{1}=[9.113, 20.008, 31.019, 39.082, 61.021, 83.01, 105.032, 127.004, 136.016, 145.029, 161.071, 170.016, 195.02, 214.011, 236.017, 244.013, 267.018, 277.029, 287.024, 301.017, 320.008, 342.014, 358.022, 381.027, 394.021, 404.017, 427.021, 441.031, 457.006, 473.032, 486.025, 508.031, 516.027, 541.031, 549.027, 557.023, 570.016, 581.028, 603.017, 638.026, 660.015, 682.004, 706.025, 714.021, 722.017, 747.021, 755.017, 777.023, 799.029, 807.025, 823.017, 837.01, 860.032, 870.027, 883.02, 906.025, 914.021, 922.017, 953.019, 964.03, 978.023, 988.018, 998.013, 1021.018, 1029.031, 1051.02, 1095.031, 1112.022, 1120.018, 1129.014, 1138.026, 1160.032, 1182.037, 1204.026, 1226.032, 1234.028, 1245.023];
durations{1}=[0.5];

% Condition 2 
names{2}='Arrows';
onsets{2}=[14.144, 27.088, 35.0, 43.013, 65.019, 93.021, 109.03, 132.018, 141.031, 149.01, 166.068, 177.079, 202.05, 224.023, 240.015, 249.06, 271.032, 281.027, 297.019, 308.031, 330.02, 346.028, 363.02, 388.024, 398.019, 409.03, 437.033, 445.029, 461.021, 480.011, 496.02, 512.029, 523.023, 545.029, 553.009, 564.019, 575.014, 591.023, 613.028, 648.021, 670.027, 687.018, 710.023, 718.019, 729.03, 751.019, 765.029, 784.02, 803.027, 811.023, 833.028, 842.024, 864.013, 877.006, 888.018, 910.023, 918.019, 932.012, 960.032, 974.025, 982.021, 992.032, 1003.027, 1025.016, 1039.026, 1058.016, 1100.028, 1116.02, 1125.033, 1134.028, 1142.024, 1170.027, 1186.035, 1208.025, 1230.03, 1241.025, 1250.037];
durations{2}=[0.409, 0.316, 0.382, 0.508, 0.349, 0.432, 0.38, 0.43, 0.333, 0.3, 0.383, 0.348, 0.681, 0.522, 0.382, 0.409, 0.525, 0.377, 0.533, 0.319, 0.369, 0.388, 0.437, 0.454, 0.476, 0.607, 0.47, 0.445, 0.355, 0.324, 0.372, 0.494, 0.465, 0.468, 0.349, 0.501, 0.286, 0.491, 0.44, 0.422, 0.537, 0.497, 0.529, 0.528, 0.457, 0.698, 0.569, 0.528, 0.612, 0.358, 0.39, 0.421, 0.36, 0.392, 0.711, 0.586, 0.777, 0.485, 0.314, 0.877, 0.33, 0.299, 0.379, 0.413, 0.35, 0.443, 0.329, 0.478, 0.341, 0.503, 0.626, 0.463, 0.767, 0.504, 0.457, 0.376, 0.333];

% Condition 3 
names{3}='Inc_Cues';
onsets{3}=[39.082, 127.004, 508.031, 557.023, 581.028, 860.032, 906.025, 964.03, 998.013, 1051.02];
durations{3}=[0.5];

% Condition 4
names{4}='Pro_Inc_Arrows';
onsets{4}=[43.013, 132.018, 512.029, 564.019, 591.023, 864.013, 910.023, 974.025, 1003.027, 1058.016];
durations{4}=[0.508, 0.43, 0.494, 0.501, 0.491, 0.36, 0.586, 0.877, 0.379, 0.443];

% Condition 5
names{5}='Rea_Inc_Arrow';
onsets{5}=[202.05, 249.06, 297.019, 398.019, 670.027, 751.019, 1134.028, 1208.025];
durations{5}=[0.681, 0.409, 0.533, 0.476, 0.537, 0.698, 0.503, 0.504];

save('sessions_dcm.mat', 'names', 'onsets', 'durations');