names=cell(1,5);
onsets=cell(1,5);
durations=cell(1,5);

% Condition 1 
names{1}='Cues';
onsets{1}=[9.005, 20.017, 31.011, 39.007, 61.013, 83.002, 105.008, 127.013, 136.009, 145.004, 162.012, 171.008, 196.012, 215.003, 237.008, 245.004, 268.009, 278.004, 288.016, 302.009, 322.016, 344.005, 352.018, 360.014, 383.002, 396.012, 406.007, 429.012, 443.005, 459.014, 476.006, 489.016, 511.005, 519.018, 544.005, 552.001, 560.014, 573.007, 584.002, 606.007, 643.014, 665.003, 687.008, 698.003, 711.013, 719.009, 727.005, 752.009, 759.989, 781.994, 804.017, 812.013, 827.988, 842.014, 865.003, 875.014, 888.008, 910.996, 919.009, 927.005, 957.007, 968.001, 982.011, 992.006, 1002.002, 1024.99, 1033.002, 1055.008, 1074.015, 1099.003, 1117.01, 1125.006, 1134.002, 1143.014, 1164.986, 1187.009, 1209.014, 1231.003, 1239.016, 1250.011];
durations{1}=[0.5];

% Condition 2 
names{2}='Arrows';
onsets{2}=[14.003, 27.013, 35.009, 43.005, 65.011, 93.014, 109.006, 132.011, 141.006, 149.019, 167.01, 178.004, 203.009, 225.014, 241.006, 250.018, 272.007, 282.002, 298.011, 309.006, 332.011, 348.003, 356.016, 365.011, 390.015, 400.01, 411.005, 439.007, 447.003, 463.012, 483.002, 499.011, 515.003, 526.014, 548.003, 556.016, 567.01, 578.005, 594.013, 616.002, 652.992, 675.014, 692.006, 705.016, 715.011, 723.007, 734.018, 756.007, 770.017, 789.007, 807.998, 815.994, 838.016, 846.995, 869.017, 882.011, 893.005, 915.011, 923.007, 937.017, 964.003, 977.996, 986.009, 996.004, 1007.015, 1029.004, 1042.997, 1062.004, 1081.012, 1104.017, 1121.008, 1130.004, 1139.016, 1147.012, 1175.015, 1191.007, 1213.012, 1235.001, 1246.013, 1255.008];
durations{2}=[0.513, 0.507, 0.515, 0.488, 0.659, 0.472, 0.686, 0.505, 0.453, 0.439, 0.552, 0.562, 0.698, 0.516, 0.477, 0.518, 0.441, 0.567, 0.689, 0.61, 0.616, 0.612, 0.67, 0.431, 0.418, 0.573, 0.462, 0.607, 0.576, 0.698, 0.411, 0.753, 0.487, 0.43, 0.369, 0.482, 0.695, 0.566, 0.39, 0.454, 0.437, 0.61, 0.525, 0.514, 0.375, 0.485, 0.528, 0.636, 0.381, 0.611, 0.358, 0.47, 0.333, 0.775, 0.402, 0.288, 0.315, 0.676, 0.893, 0.302, 0.443, 0.347, 0.503, 0.428, 0.372, 0.593, 0.481, 0.388, 0.533, 0.466, 0.492, 0.394, 0.687, 0.68, 0.359, 0.352, 0.466, 0.545, 0.321, 0.386];

% Condition 3 
names{3}='Inc_Cues';
onsets{3}=[39.007, 127.013, 511.005, 560.014, 584.002, 865.003, 910.996, 968.001, 1002.002, 1055.008];
durations{3}=[0.5];

% Condition 4
names{4}='Pro_Inc_Arrows';
onsets{4}=[43.005, 132.011, 515.003, 567.01, 594.013, 869.017, 915.011, 977.996, 1007.015, 1062.004];
durations{4}=[0.488, 0.505, 0.487, 0.695, 0.39, 0.402, 0.676, 0.347, 0.372, 0.388];

% Condition 5
names{5}='Rea_Inc_Arrow';
onsets{5}=[203.009, 250.018, 298.011, 356.016, 400.01, 675.014, 705.016, 756.007, 1139.016, 1213.012];
durations{5}=[0.698, 0.518, 0.689, 0.67, 0.573, 0.61, 0.514, 0.636, 0.687, 0.466];

save('sessions_dcm.mat', 'names', 'onsets', 'durations');