names=cell(1,5);
onsets=cell(1,5);
durations=cell(1,5);

% Condition 1 
names{1}='Cues';
onsets{1}=[9.013, 20.008, 31.002, 39.015, 61.004, 83.009, 105.015, 127.004, 136.016, 145.012, 169.999, 195.003, 213.994, 236.0, 267.002, 277.013, 287.008, 301.017, 321.007, 343.013, 350.992, 359.005, 382.01, 395.004, 404.999, 428.004, 442.013, 458.005, 475.014, 488.007, 509.996, 518.009, 543.013, 551.009, 558.988, 572.015, 583.01, 605.015, 639.01, 661.015, 683.004, 693.999, 707.009, 715.005, 723.001, 748.005, 756.001, 778.007, 798.997, 807.009, 823.001, 837.011, 860.016, 870.011, 883.004, 906.01, 914.006, 922.002, 952.003, 963.014, 977.007, 987.003, 997.014, 1020.003, 1027.999, 1050.004, 1069.011, 1093.999, 1111.007, 1119.003, 1128.015, 1137.011, 1159.0, 1181.006, 1225.0, 1232.996, 1243.991];
durations{1}=[0.5];

% Condition 2 
names{2}='Arrows';
onsets{2}=[14.011, 27.004, 35.017, 43.013, 65.002, 93.004, 109.013, 132.002, 141.014, 149.01, 177.012, 202.017, 224.006, 240.014, 271.016, 281.011, 297.003, 308.014, 331.002, 347.011, 355.007, 364.002, 389.007, 399.018, 410.013, 438.015, 446.011, 462.003, 481.993, 498.002, 514.011, 525.005, 546.994, 555.007, 566.002, 577.013, 593.005, 615.01, 649.005, 671.01, 688.002, 701.012, 711.007, 719.003, 730.014, 752.003, 766.013, 785.003, 803.011, 811.007, 833.013, 842.008, 864.014, 877.007, 888.002, 910.008, 918.004, 932.013, 959.016, 973.009, 981.005, 991.017, 1001.995, 1024.017, 1037.994, 1057.001, 1076.008, 1099.013, 1115.005, 1124.017, 1133.013, 1140.992, 1169.012, 1185.004, 1229.015, 1239.993, 1248.988];
durations{2}=[0.397, 0.338, 0.382, 0.465, 0.342, 0.343, 0.515, 0.341, 0.268, 0.282, 0.328, 0.514, 0.543, 0.464, 0.343, 0.361, 0.414, 0.449, 0.324, 0.339, 0.429, 0.416, 0.356, 0.466, 0.497, 0.55, 0.277, 0.556, 0.276, 0.289, 0.464, 0.31, 0.377, 0.263, 0.31, 0.303, 0.379, 0.291, 0.284, 0.384, 0.384, 0.341, 0.369, 0.339, 0.267, 0.384, 0.49, 0.358, 0.328, 0.703, 0.24, 0.337, 0.621, 0.277, 0.236, 0.304, 0.286, 0.288, 0.407, 0.289, 0.255, 0.369, 0.328, 0.238, 0.279, 0.36, 0.704, 0.245, 0.405, 0.306, 0.43, 0.478, 0.316, 0.963, 0.348, 0.345, 0.352];

% Condition 3 
names{3}='Inc_Cues';
onsets{3}=[39.015, 127.004, 509.996, 558.988, 583.01, 860.016, 906.01, 963.014, 997.014, 1050.004];
durations{3}=[0.5];

% Condition 4
names{4}='Pro_Inc_Arrows';
onsets{4}=[43.013, 132.002, 514.011, 566.002, 593.005, 864.014, 910.008, 973.009, 1001.995, 1057.001];
durations{4}=[0.465, 0.341, 0.464, 0.31, 0.379, 0.621, 0.304, 0.289, 0.328, 0.36];

% Condition 5
names{5}='Rea_Inc_Arrow';
onsets{5}=[202.017, 297.003, 355.007, 399.018, 671.01, 701.012, 752.003, 1133.013];
durations{5}=[0.514, 0.414, 0.429, 0.466, 0.384, 0.341, 0.384, 0.43];

save('sessions_dcm.mat', 'names', 'onsets', 'durations');