names=cell(1,5);
onsets=cell(1,5);
durations=cell(1,5);

% Condition 1 
names{1}='Cues';
onsets{1}=[9.013, 20.007, 31.018, 39.014, 61.02, 83.026, 105.015, 127.004, 136.016, 145.011, 161.003, 170.016, 195.003, 214.01, 236.016, 244.012, 267.017, 277.012, 287.007, 301.017, 321.024, 343.013, 359.021, 382.01, 395.02, 404.998, 428.003, 442.013, 458.005, 475.013, 488.023, 511.012, 519.025, 545.012, 554.024, 562.02, 575.013, 586.008, 608.014, 641.99, 664.012, 686.018, 697.013, 709.989, 718.003, 726.015, 751.002, 759.015, 781.004, 803.01, 811.006, 826.998, 840.991, 875.99, 889.017, 920.001, 927.997, 957.999, 969.01, 983.003, 993.015, 1003.01, 1026.015, 1034.011, 1056.0, 1075.007, 1100.994, 1120.001, 1129.014, 1139.009, 1148.004, 1171.009, 1193.015, 1215.004, 1237.01, 1244.989, 1256.0];
durations{1}=[0.5];

% Condition 2 
names{2}='Arrows';
onsets{2}=[14.027, 27.02, 35.016, 43.012, 65.001, 93.021, 109.013, 132.018, 141.013, 149.009, 166.018, 177.012, 202.0, 224.022, 239.997, 249.009, 271.015, 281.01, 297.002, 308.013, 331.002, 347.027, 364.019, 389.006, 399.018, 410.012, 437.998, 446.028, 462.02, 482.01, 498.002, 515.01, 526.021, 549.026, 558.022, 569.016, 580.028, 596.003, 618.025, 651.985, 674.007, 690.999, 704.009, 714.004, 722.0, 732.995, 755.0, 769.01, 788.017, 807.008, 815.004, 837.009, 846.005, 883.003, 894.014, 923.999, 938.009, 965.012, 979.005, 987.018, 997.013, 1008.007, 1029.996, 1044.006, 1063.013, 1082.004, 1106.008, 1123.999, 1134.011, 1144.006, 1152.002, 1181.004, 1197.013, 1219.019, 1240.991, 1251.986, 1261.014];
durations{2}=[0.556, 0.544, 0.41, 0.675, 0.705, 0.542, 0.516, 0.743, 0.503, 0.386, 0.645, 0.77, 0.699, 0.631, 0.793, 0.62, 0.592, 0.466, 0.646, 0.737, 0.573, 0.617, 0.541, 0.494, 0.539, 0.487, 0.801, 0.76, 0.598, 0.876, 1.204, 0.701, 1.248, 0.957, 0.434, 0.612, 0.498, 0.62, 0.697, 0.74, 0.869, 0.726, 0.749, 0.558, 0.604, 0.574, 0.738, 0.776, 0.732, 0.417, 0.483, 0.688, 0.601, 0.599, 0.509, 0.751, 0.44, 0.597, 0.945, 0.387, 0.398, 0.754, 0.911, 0.627, 0.663, 1.682, 2.14, 1.587, 1.022, 0.761, 1.147, 0.722, 0.521, 0.635, 0.558, 0.53, 1.352];

% Condition 3 
names{3}='Inc_Cues';
onsets{3}=[39.014, 127.004, 511.012, 562.02, 586.008, 969.01, 1003.01, 1056.0];
durations{3}=[0.5];

% Condition 4
names{4}='Pro_Inc_Arrows';
onsets{4}=[43.012, 132.018, 515.01, 569.016, 596.003, 979.005, 1008.007, 1063.013];
durations{4}=[0.675, 0.743, 0.701, 0.612, 0.62, 0.945, 0.754, 0.663];

% Condition 5
names{5}='Rea_Inc_Arrow';
onsets{5}=[202.0, 249.009, 297.002, 399.018, 674.007, 704.009, 755.0, 1144.006, 1219.019];
durations{5}=[0.699, 0.62, 0.646, 0.539, 0.869, 0.749, 0.738, 0.761, 0.635];

save('sessions_dcm.mat', 'names', 'onsets', 'durations');