names=cell(1,5);
onsets=cell(1,5);
durations=cell(1,5);

% Condition 1 
names{1}='Cues';
onsets{1}=[10.033, 32.022, 54.028, 65.022, 78.032, 86.012, 94.008, 119.012, 127.009, 149.014, 171.019, 179.015, 195.024, 209.017, 232.006, 242.017, 255.027, 278.033, 286.029, 294.008, 324.026, 335.004, 349.014, 359.009, 369.004, 392.009, 400.022, 422.011, 441.018, 466.022, 484.013, 492.026, 501.005, 510.017, 532.022, 554.028, 576.017, 598.007, 606.019, 617.03, 644.005, 655.016, 666.01, 674.023, 696.029, 718.018, 740.007, 762.012, 771.008, 780.003, 796.012, 805.007, 830.012, 849.002, 871.008, 879.004, 902.009, 912.004, 922.016, 955.016, 977.005, 985.001, 993.014, 1016.002, 1029.012, 1039.007, 1062.013, 1076.006, 1092.014, 1108.006, 1121.016, 1143.022, 1151.001, 1176.006, 1184.002, 1192.031, 1205.009, 1216.019, 1238.008];
durations{1}=[0.5];

% Condition 2 
names{2}='Arrows';
onsets{2}=[20.028, 42.034, 59.025, 72.019, 82.03, 90.026, 101.021, 123.027, 137.003, 156.01, 175.017, 183.03, 205.019, 214.031, 236.02, 249.03, 260.008, 282.014, 290.027, 304.003, 331.006, 345.016, 353.028, 363.007, 374.018, 396.024, 410.017, 429.007, 448.031, 471.003, 488.011, 497.023, 506.019, 514.015, 542.018, 558.026, 580.032, 602.004, 613.032, 622.028, 649.002, 662.029, 670.008, 678.004, 700.01, 728.013, 744.005, 767.01, 776.005, 784.018, 801.01, 812.021, 837.008, 859.014, 875.006, 884.018, 906.007, 916.002, 932.011, 965.011, 981.003, 989.032, 998.011, 1023.015, 1033.01, 1044.005, 1072.024, 1080.004, 1096.012, 1115.003, 1131.011, 1147.003, 1158.015, 1180.004, 1188.016, 1199.027, 1210.022, 1226.014, 1248.003];
durations{2}=[0.577, 0.717, 0.512, 0.556, 0.556, 0.646, 0.526, 0.486, 0.567, 0.484, 0.441, 0.342, 0.326, 0.468, 0.384, 0.36, 0.387, 0.475, 0.532, 0.348, 0.372, 0.44, 0.491, 0.545, 0.393, 0.574, 0.339, 0.36, 0.587, 0.489, 0.578, 0.439, 0.437, 0.612, 0.462, 0.422, 0.611, 0.576, 0.368, 0.548, 0.565, 0.374, 0.542, 0.339, 0.609, 0.366, 0.331, 0.378, 0.315, 0.361, 0.439, 0.434, 0.583, 0.538, 0.566, 0.434, 0.527, 0.469, 0.48, 0.385, 0.605, 0.624, 0.443, 0.691, 0.478, 0.519, 0.556, 0.45, 0.408, 0.412, 0.406, 0.41, 0.404, 0.356, 0.292, 0.418, 0.49, 0.473, 0.351];

% Condition 3 
names{3}='Inc_Cues';
onsets{3}=[232.006, 278.033, 335.004, 369.004, 422.011, 674.023, 762.012, 1143.022, 1192.031, 1216.019];
durations{3}=[0.5];

% Condition 4
names{4}='Pro_Inc_Arrows';
onsets{4}=[236.02, 282.014, 345.016, 374.018, 429.007, 678.004, 767.01, 1147.003, 1199.027, 1226.014];
durations{4}=[0.384, 0.475, 0.44, 0.393, 0.36, 0.339, 0.378, 0.41, 0.418, 0.473];

% Condition 5
names{5}='Rea_Inc_Arrow';
onsets{5}=[42.034, 72.019, 123.027, 506.019, 580.032, 837.008, 884.018, 932.011, 989.032, 1033.01];
durations{5}=[0.717, 0.556, 0.486, 0.437, 0.611, 0.583, 0.434, 0.48, 0.624, 0.478];

save('sessions_dcm.mat', 'names', 'onsets', 'durations');