names=cell(1,5);
onsets=cell(1,5);
durations=cell(1,5);

% Condition 1 
names{1}='Cues';
onsets{1}=[9.996, 33.002, 55.007, 66.002, 79.011, 86.991, 95.003, 120.007, 128.003, 149.992, 172.015, 179.994, 196.003, 209.996, 233.001, 242.996, 256.006, 279.011, 287.007, 294.986, 326.004, 336.998, 350.991, 361.003, 370.998, 394.003, 401.999, 424.005, 442.995, 467.999, 485.99, 494.003, 503.015, 512.01, 533.999, 556.005, 578.011, 600.016, 607.996, 619.007, 643.989, 655.0, 666.012, 674.008, 696.013, 718.002, 740.008, 762.013, 770.992, 780.004, 797.012, 805.991, 831.012, 849.986, 871.991, 880.004, 903.009, 913.004, 923.016, 937.009, 957.015, 979.004, 987.017, 995.013, 1018.001, 1031.011, 1041.006, 1063.995, 1078.005, 1094.013, 1111.005, 1124.998, 1147.003, 1155.016, 1180.003, 1188.016, 1196.012, 1209.005, 1220.016, 1242.005];
durations{1}=[0.5];

% Condition 2 
names{2}='Arrows';
onsets{2}=[20.008, 42.996, 60.004, 73.014, 83.009, 91.005, 102.017, 124.005, 138.015, 157.006, 176.013, 184.009, 205.998, 215.01, 237.015, 249.992, 261.003, 283.009, 291.005, 304.998, 333.017, 346.993, 355.006, 365.001, 376.012, 398.001, 411.994, 431.001, 449.992, 472.997, 490.005, 499.017, 508.012, 515.992, 544.011, 560.003, 582.009, 604.014, 614.992, 624.004, 649.003, 662.014, 669.993, 678.005, 699.994, 728.014, 744.006, 767.011, 776.006, 784.002, 801.993, 813.004, 837.992, 860.014, 875.99, 885.018, 907.007, 917.002, 933.011, 944.005, 967.01, 983.002, 991.015, 999.994, 1025.014, 1035.009, 1046.004, 1073.99, 1082.002, 1097.994, 1118.001, 1135.009, 1151.002, 1162.012, 1184.001, 1192.014, 1203.008, 1214.003, 1230.011, 1252.017];
durations{2}=[1.034, 0.764, 0.894, 0.721, 0.77, 0.699, 0.681, 0.768, 0.846, 0.665, 0.703, 0.688, 0.646, 0.654, 0.655, 0.78, 0.657, 0.886, 0.678, 0.673, 0.781, 0.667, 0.716, 0.786, 0.75, 0.595, 0.549, 0.749, 0.739, 0.645, 0.683, 0.661, 0.657, 0.864, 0.832, 0.695, 0.848, 0.689, 0.67, 0.638, 0.574, 0.479, 0.589, 0.439, 0.668, 0.603, 0.635, 0.494, 0.551, 0.464, 0.898, 0.553, 0.795, 0.536, 0.569, 0.823, 0.583, 0.602, 0.605, 0.705, 0.694, 0.539, 0.771, 0.706, 0.563, 0.676, 0.62, 0.582, 0.543, 0.497, 0.983, 0.543, 0.715, 0.531, 0.673, 0.651, 0.798, 0.526, 0.73, 0.556];

% Condition 3 
names{3}='Inc_Cues';
onsets{3}=[233.001, 279.011, 336.998, 370.998, 424.005, 674.008, 762.013, 1147.003, 1196.012, 1220.016];
durations{3}=[0.5];

% Condition 4
names{4}='Pro_Inc_Arrows';
onsets{4}=[237.015, 283.009, 346.993, 376.012, 431.001, 678.005, 767.011, 1151.002, 1203.008, 1230.011];
durations{4}=[0.655, 0.886, 0.667, 0.75, 0.749, 0.439, 0.494, 0.715, 0.798, 0.73];

% Condition 5
names{5}='Rea_Inc_Arrow';
onsets{5}=[42.996, 73.014, 124.005, 508.012, 582.009, 837.992, 885.018, 933.011, 991.015, 1035.009];
durations{5}=[0.764, 0.721, 0.768, 0.657, 0.848, 0.795, 0.823, 0.605, 0.771, 0.676];

save('sessions_dcm.mat', 'names', 'onsets', 'durations');