names=cell(1,5);
onsets=cell(1,5);
durations=cell(1,5);

% Condition 1 
names{1}='Cues';
onsets{1}=[9.015, 20.009, 31.004, 39.016, 61.006, 83.011, 105.017, 127.006, 136.002, 145.014, 162.022, 171.018, 196.005, 215.013, 237.002, 245.014, 268.003, 278.015, 288.01, 302.003, 322.009, 344.015, 352.011, 360.007, 383.013, 396.023, 406.018, 429.006, 443.016, 459.008, 476.0, 489.01, 510.999, 519.012, 544.016, 552.012, 560.008, 573.002, 584.013, 606.019, 643.018, 665.024, 687.03, 698.024, 711.035, 719.031, 727.027, 752.031, 760.01, 782.033, 804.022, 812.034, 828.027, 842.02, 865.025, 875.037, 888.013, 911.035, 919.031, 927.027, 958.029, 969.023, 983.016, 993.028, 1003.023, 1026.028, 1034.024, 1056.03, 1075.037, 1100.025, 1118.033, 1126.029, 1135.024, 1144.02, 1166.026, 1188.031, 1210.037, 1232.01, 1240.022, 1251.033];
durations{1}=[0.5];

% Condition 2 
names{2}='Arrows';
onsets{2}=[14.012, 27.006, 35.002, 43.014, 65.004, 92.99, 108.998, 132.004, 141.016, 148.995, 167.003, 178.014, 203.018, 225.008, 241.016, 250.012, 272.018, 282.013, 298.005, 309.016, 332.021, 348.013, 356.009, 365.021, 390.009, 400.004, 411.015, 439.001, 446.998, 463.023, 483.013, 499.005, 514.997, 526.008, 548.014, 556.01, 567.021, 578.016, 594.008, 616.014, 653.03, 675.019, 692.027, 705.038, 715.016, 723.029, 734.023, 756.029, 770.022, 789.029, 808.036, 816.033, 838.038, 847.034, 869.023, 882.033, 893.028, 915.033, 923.029, 937.023, 965.025, 979.018, 987.015, 997.026, 1008.037, 1030.026, 1044.036, 1063.027, 1082.034, 1105.039, 1122.014, 1131.026, 1140.039, 1148.018, 1176.037, 1192.029, 1214.035, 1236.024, 1247.035, 1256.031];
durations{2}=[0.581, 0.523, 0.436, 0.501, 0.559, 0.448, 0.44, 0.543, 0.496, 0.474, 0.622, 0.705, 0.638, 0.555, 0.578, 0.592, 0.545, 0.456, 0.745, 0.609, 0.542, 0.456, 0.71, 0.87, 0.715, 0.637, 0.454, 0.498, 0.441, 0.478, 0.441, 0.402, 0.551, 0.618, 0.518, 0.896, 0.48, 0.548, 0.491, 0.55, 0.698, 0.709, 0.511, 0.799, 0.696, 0.465, 0.517, 0.558, 0.688, 0.652, 0.395, 0.292, 0.409, 0.46, 0.42, 0.664, 0.404, 0.492, 0.33, 0.94, 0.438, 0.767, 0.454, 0.406, 0.47, 0.421, 0.38, 0.592, 0.492, 0.502, 0.402, 0.437, 0.752, 0.477, 0.426, 0.387, 0.623, 0.564, 0.553, 0.402];

% Condition 3 
names{3}='Inc_Cues';
onsets{3}=[39.016, 127.006, 510.999, 560.008, 584.013, 865.025, 911.035, 969.023, 1003.023, 1056.03];
durations{3}=[0.5];

% Condition 4
names{4}='Pro_Inc_Arrows';
onsets{4}=[43.014, 132.004, 514.997, 567.021, 594.008, 869.023, 915.033, 979.018, 1008.037, 1063.027];
durations{4}=[0.501, 0.543, 0.551, 0.48, 0.491, 0.42, 0.492, 0.767, 0.47, 0.592];

% Condition 5
names{5}='Rea_Inc_Arrow';
onsets{5}=[203.018, 250.012, 298.005, 356.009, 400.004, 675.019, 705.038, 756.029, 1140.039, 1214.035];
durations{5}=[0.638, 0.592, 0.745, 0.71, 0.637, 0.709, 0.799, 0.558, 0.752, 0.623];

save('sessions_dcm.mat', 'names', 'onsets', 'durations');