names=cell(1,5);
onsets=cell(1,5);
durations=cell(1,5);

% Condition 1 
names{1}='Cues';
onsets{1}=[9.028, 20.023, 31.001, 39.013, 61.019, 82.992, 105.014, 127.019, 136.015, 144.994, 171.014, 196.018, 215.009, 237.015, 245.011, 268.016, 277.994, 288.022, 302.015, 322.005, 343.994, 352.007, 360.003, 383.008, 396.002, 405.997, 429.002, 443.012, 459.02, 476.012, 489.005, 511.011, 518.99, 543.995, 552.024, 560.02, 573.013, 584.008, 605.997, 641.038, 663.011, 685.033, 696.027, 709.038, 717.034, 725.03, 750.017, 758.013, 780.035, 802.024, 810.02, 826.012, 840.022, 863.361, 873.023, 886.366, 917.034, 925.363, 956.031, 981.035, 991.03, 1001.008, 1024.363, 1032.026, 1054.365, 1073.022, 1099.026, 1117.034, 1125.03, 1143.037, 1165.026, 1187.032, 1209.021, 1239.039, 1250.034];
durations{1}=[0.5];

% Condition 2 
names{2}='Arrows';
onsets{2}=[14.059, 27.019, 35.015, 43.011, 65.0, 93.003, 108.995, 132.017, 141.013, 149.009, 178.027, 203.015, 225.004, 241.013, 250.025, 271.997, 282.009, 298.017, 309.012, 332.017, 347.993, 356.005, 365.001, 390.021, 400.016, 411.011, 438.997, 446.993, 463.002, 483.008, 499.0, 515.009, 526.02, 547.993, 556.005, 567.016, 577.994, 594.02, 616.009, 651.017, 673.022, 690.014, 703.041, 713.036, 721.032, 732.026, 754.032, 768.025, 787.032, 806.022, 814.018, 836.041, 845.036, 867.025, 880.036, 891.03, 921.032, 935.025, 963.027, 985.033, 995.011, 1006.023, 1028.012, 1042.021, 1061.028, 1080.036, 1104.04, 1121.032, 1130.027, 1147.036, 1175.021, 1191.03, 1213.036, 1246.036, 1255.015];
durations{2}=[0.894, 0.387, 0.485, 0.504, 0.515, 0.528, 0.416, 0.686, 0.627, 0.443, 0.426, 0.776, 0.417, 0.58, 0.927, 0.768, 0.428, 0.732, 0.69, 0.638, 0.553, 0.655, 0.639, 0.635, 0.733, 0.769, 0.697, 0.74, 0.653, 0.537, 0.499, 0.527, 0.729, 0.771, 0.525, 0.608, 0.645, 0.526, 0.568, 0.421, 0.791, 0.542, 0.584, 0.698, 0.593, 0.737, 0.64, 0.788, 0.687, 0.415, 0.482, 0.747, 0.902, 0.569, 0.683, 0.532, 0.89, 0.571, 0.598, 0.685, 0.77, 0.852, 0.743, 0.729, 0.518, 1.62, 0.428, 0.686, 0.473, 0.807, 0.697, 0.766, 0.776, 0.697, 0.797];

% Condition 3 
names{3}='Inc_Cues';
onsets{3}=[39.013, 127.019, 511.011, 560.02, 584.008, 863.361, 1001.008, 1054.365];
durations{3}=[0.5];

% Condition 4
names{4}='Pro_Inc_Arrows';
onsets{4}=[43.011, 132.017, 515.009, 567.016, 594.02, 867.025, 1006.023, 1061.028];
durations{4}=[0.504, 0.686, 0.527, 0.608, 0.526, 0.569, 0.852, 0.518];

% Condition 5
names{5}='Rea_Inc_Arrow';
onsets{5}=[203.015, 250.025, 298.017, 356.005, 400.016, 673.022, 703.041, 754.032, 1213.036];
durations{5}=[0.776, 0.927, 0.732, 0.655, 0.733, 0.791, 0.584, 0.64, 0.776];

save('sessions_dcm.mat', 'names', 'onsets', 'durations');