names=cell(1,5);
onsets=cell(1,5);
durations=cell(1,5);

% Condition 1 
names{1}='Cues';
onsets{1}=[8.993, 20.004, 31.015, 39.011, 61.017, 83.006, 104.995, 127.001, 136.013, 145.008, 161.017, 170.013, 195.0, 213.991, 235.996, 267.014, 276.992, 286.987, 300.997, 321.004, 343.01, 351.006, 359.002, 382.007, 395.0, 405.012, 428.017, 442.01, 458.002, 474.011, 487.004, 508.993, 517.006, 541.994, 549.99, 558.002, 570.996, 582.007, 604.013, 637.014, 681.009, 692.003, 705.013, 713.009, 721.005, 746.01, 754.006, 776.011, 797.017, 805.013, 821.005, 835.015, 858.004, 868.015, 881.009, 904.014, 912.01, 920.006, 951.007, 962.002, 976.011, 986.006, 996.002, 1019.007, 1027.003, 1049.008, 1068.015, 1093.003, 1110.011, 1118.007, 1127.003, 1136.015, 1158.004, 1180.009, 1202.015, 1224.004, 1232.017, 1243.011];
durations{1}=[0.5];

% Condition 2 
names{2}='Arrows';
onsets{2}=[13.99, 27.001, 35.013, 43.009, 64.998, 93.018, 109.01, 132.015, 140.994, 149.006, 165.998, 176.992, 201.997, 224.002, 239.994, 270.996, 281.007, 296.999, 307.994, 330.999, 347.008, 355.004, 363.999, 389.003, 398.998, 410.009, 438.012, 445.992, 462.017, 481.007, 497.016, 512.991, 524.003, 546.008, 554.004, 565.015, 575.993, 592.002, 614.008, 647.009, 686.006, 699.016, 709.011, 717.007, 728.019, 750.008, 764.017, 783.008, 801.015, 809.011, 831.017, 840.013, 862.018, 875.012, 886.006, 908.012, 916.008, 930.018, 958.004, 972.013, 980.009, 990.004, 1001.016, 1023.005, 1037.014, 1056.005, 1075.012, 1098.017, 1114.009, 1123.005, 1132.017, 1140.013, 1168.015, 1184.007, 1206.013, 1228.002, 1239.013, 1248.009];
durations{2}=[0.537, 0.406, 0.456, 0.434, 0.465, 0.387, 0.35, 0.409, 0.468, 0.366, 0.325, 0.466, 0.626, 0.452, 0.352, 0.39, 0.427, 0.48, 0.588, 0.342, 0.419, 0.538, 0.574, 0.436, 0.551, 0.524, 0.399, 0.356, 0.388, 0.697, 0.398, 0.495, 0.459, 0.445, 0.421, 0.431, 0.41, 0.42, 0.485, 0.349, 0.485, 0.491, 0.52, 0.422, 0.396, 0.485, 0.375, 0.418, 0.416, 0.623, 0.29, 0.322, 0.455, 0.454, 0.319, 0.372, 0.41, 0.483, 0.325, 0.364, 0.489, 0.343, 0.702, 0.62, 0.435, 0.297, 0.279, 0.299, 0.303, 0.446, 0.4, 0.324, 0.452, 0.404, 0.438, 0.364, 0.381, 0.39];

% Condition 3 
names{3}='Inc_Cues';
onsets{3}=[39.011, 127.001, 508.993, 558.002, 582.007, 858.004, 904.014, 962.002, 996.002, 1049.008];
durations{3}=[0.5];

% Condition 4
names{4}='Pro_Inc_Arrows';
onsets{4}=[43.009, 132.015, 512.991, 565.015, 592.002, 862.018, 908.012, 972.013, 1001.016, 1056.005];
durations{4}=[0.434, 0.409, 0.495, 0.431, 0.42, 0.455, 0.372, 0.364, 0.702, 0.297];

% Condition 5
names{5}='Rea_Inc_Arrow';
onsets{5}=[201.997, 296.999, 355.004, 398.998, 699.016, 750.008, 1132.017, 1206.013];
durations{5}=[0.626, 0.48, 0.538, 0.551, 0.491, 0.485, 0.4, 0.438];

save('sessions_dcm.mat', 'names', 'onsets', 'durations');