names=cell(1,5);
onsets=cell(1,5);
durations=cell(1,5);

% Condition 1 
names{1}='Cues';
onsets{1}=[10.059, 32.031, 54.02, 65.015, 78.009, 86.021, 94.017, 119.022, 127.001, 149.007, 170.063, 178.026, 194.018, 208.011, 231.067, 241.028, 254.005, 285.006, 293.019, 323.02, 334.015, 348.008, 358.003, 368.015, 391.02, 399.033, 421.022, 440.029, 465.017, 483.024, 491.02, 500.033, 509.012, 531.017, 553.023, 575.012, 597.018, 605.014, 616.025, 639.998, 651.009, 662.02, 692.005, 714.011, 736.017, 758.006, 767.018, 776.014, 792.006, 801.018, 826.006, 845.013, 867.019, 875.015, 898.02, 908.015, 918.01, 932.02, 951.01, 973.016, 981.012, 989.008, 1012.014, 1024.991, 1035.019, 1058.007, 1072.017, 1088.009, 1118.011, 1140.017, 1147.996, 1173.017, 1180.996, 1189.009, 1202.003, 1213.014, 1235.003];
durations{1}=[0.5];

% Condition 2 
names{2}='Arrows';
onsets{2}=[20.187, 42.093, 59.085, 72.079, 82.023, 90.019, 101.03, 123.02, 137.013, 156.02, 174.078, 182.007, 204.063, 213.025, 235.031, 248.024, 259.019, 289.021, 303.014, 330.017, 344.01, 352.006, 362.018, 373.029, 395.018, 409.011, 428.018, 447.026, 470.031, 487.022, 496.018, 505.03, 513.01, 541.029, 557.021, 579.027, 601.033, 612.027, 621.006, 645.012, 658.006, 666.018, 696.02, 724.006, 740.015, 763.02, 772.016, 780.012, 797.02, 807.998, 833.019, 854.991, 871.017, 880.012, 902.018, 912.013, 928.022, 939.016, 961.022, 977.014, 985.01, 994.006, 1019.01, 1029.022, 1040.0, 1068.019, 1076.015, 1092.007, 1128.006, 1144.015, 1155.009, 1177.015, 1185.011, 1196.022, 1207.017, 1223.009, 1244.998];
durations{2}=[0.454, 0.548, 0.415, 0.546, 0.555, 0.463, 0.342, 0.574, 0.378, 0.449, 0.344, 0.353, 0.312, 0.319, 0.391, 0.32, 0.325, 0.323, 0.362, 0.406, 0.444, 0.386, 0.431, 0.539, 0.905, 0.365, 0.455, 0.366, 0.736, 0.37, 0.467, 0.612, 0.616, 0.441, 0.512, 0.584, 0.468, 0.396, 0.408, 0.339, 0.642, 0.428, 0.363, 0.38, 0.587, 0.412, 0.342, 0.418, 0.66, 0.323, 0.708, 0.33, 0.506, 0.684, 0.365, 0.308, 0.518, 0.371, 0.455, 0.432, 0.561, 0.487, 0.53, 0.502, 0.384, 0.5, 0.369, 0.502, 0.371, 0.588, 0.686, 0.51, 0.529, 0.503, 0.398, 0.531, 0.511];

% Condition 3 
names{3}='Inc_Cues';
onsets{3}=[231.067, 334.015, 368.015, 421.022, 758.006, 1140.017, 1189.009, 1213.014];
durations{3}=[0.5];

% Condition 4
names{4}='Pro_Inc_Arrows';
onsets{4}=[235.031, 344.01, 373.029, 428.018, 763.02, 1144.015, 1196.022, 1223.009];
durations{4}=[0.391, 0.444, 0.539, 0.455, 0.412, 0.588, 0.503, 0.531];

% Condition 5
names{5}='Rea_Inc_Arrow';
onsets{5}=[42.093, 72.079, 123.02, 505.03, 579.027, 833.019, 880.012, 928.022, 985.01, 1029.022];
durations{5}=[0.548, 0.546, 0.574, 0.612, 0.584, 0.708, 0.684, 0.518, 0.561, 0.502];

save('sessions_dcm.mat', 'names', 'onsets', 'durations');