names=cell(1,5);
onsets=cell(1,5);
durations=cell(1,5);

% Condition 1 
names{1}='Cues';
onsets{1}=[10.011, 32.017, 54.006, 65.018, 78.011, 86.007, 94.003, 119.007, 127.003, 149.009, 169.999, 177.995, 194.004, 207.997, 231.002, 241.014, 254.007, 277.012, 285.008, 293.004, 334.018, 347.994, 358.006, 368.001, 391.006, 399.019, 421.008, 439.998, 465.003, 482.011, 490.007, 498.986, 507.998, 530.004, 552.009, 574.015, 595.988, 604.017, 615.011, 649.012, 660.007, 668.003, 690.008, 712.014, 734.003, 756.009, 765.004, 773.984, 791.008, 800.004, 825.008, 843.999, 866.004, 897.006, 907.001, 917.012, 930.989, 951.012, 973.018, 981.014, 989.01, 1012.015, 1025.009, 1035.004, 1058.009, 1072.019, 1088.011, 1104.02, 1116.997, 1139.019, 1147.015, 1172.019, 1180.015, 1188.011, 1215.015, 1237.004];
durations{1}=[0.5];

% Condition 2 
names{2}='Arrows';
onsets{2}=[20.007, 42.012, 59.004, 72.014, 82.009, 90.005, 101.016, 123.006, 137.015, 156.006, 174.014, 181.993, 203.999, 213.011, 235.017, 248.01, 258.989, 281.01, 289.006, 303.016, 344.013, 352.009, 362.02, 372.998, 395.021, 409.014, 428.004, 446.995, 470.0, 485.992, 495.021, 504.017, 512.013, 540.015, 556.007, 578.013, 600.002, 610.997, 620.009, 655.992, 664.005, 672.001, 694.006, 722.009, 737.985, 761.006, 770.019, 778.015, 796.006, 807.017, 832.005, 854.01, 870.002, 901.004, 911.015, 926.991, 938.019, 961.007, 977.016, 985.012, 994.008, 1019.012, 1028.99, 1040.018, 1068.004, 1076.017, 1092.009, 1111.016, 1127.008, 1143.017, 1154.012, 1176.017, 1184.013, 1195.008, 1225.01, 1247.015];
durations{2}=[0.359, 0.57, 0.549, 0.602, 0.466, 0.424, 0.397, 0.392, 0.289, 0.431, 0.337, 0.28, 0.305, 0.45, 0.286, 0.294, 0.284, 0.31, 0.455, 0.288, 0.305, 0.373, 0.347, 0.603, 0.502, 0.353, 0.316, 0.278, 0.336, 0.375, 0.295, 0.6, 0.45, 0.352, 0.298, 0.573, 0.756, 0.386, 0.406, 0.282, 0.409, 0.356, 0.515, 0.343, 0.57, 0.346, 0.271, 0.494, 0.627, 0.367, 0.421, 0.421, 0.507, 0.313, 0.4, 0.502, 0.49, 0.502, 0.462, 0.653, 0.377, 0.291, 0.457, 0.397, 0.366, 0.32, 0.321, 0.4, 0.408, 0.414, 0.326, 0.321, 0.325, 0.527, 0.296, 0.614];

% Condition 3 
names{3}='Inc_Cues';
onsets{3}=[231.002, 277.012, 334.018, 368.001, 421.008, 668.003, 756.009, 1139.019, 1188.011, 1215.015];
durations{3}=[0.5];

% Condition 4
names{4}='Pro_Inc_Arrows';
onsets{4}=[235.017, 281.01, 344.013, 372.998, 428.004, 672.001, 761.006, 1143.017, 1195.008, 1225.01];
durations{4}=[0.286, 0.31, 0.305, 0.603, 0.316, 0.356, 0.346, 0.414, 0.527, 0.296];

% Condition 5
names{5}='Rea_Inc_Arrow';
onsets{5}=[42.012, 72.014, 123.006, 504.017, 578.013, 832.005, 926.991, 985.012, 1028.99];
durations{5}=[0.57, 0.602, 0.392, 0.6, 0.573, 0.421, 0.502, 0.653, 0.457];

save('sessions_dcm.mat', 'names', 'onsets', 'durations');