names=cell(1,5);
onsets=cell(1,5);
durations=cell(1,5);

% Condition 1 
names{1}='Cues';
onsets{1}=[9.083, 19.994, 31.005, 39.068, 61.007, 83.013, 105.002, 127.008, 136.02, 145.015, 161.074, 170.003, 194.991, 213.998, 236.004, 244.016, 266.989, 277.017, 287.012, 301.005, 320.012, 342.018, 349.997, 357.993, 380.998, 394.009, 404.02, 427.009, 440.985, 457.011, 473.019, 486.013, 508.002, 516.015, 541.002, 548.998, 557.011, 570.021, 580.999, 603.005, 642.014, 664.003, 697.003, 709.997, 718.009, 726.005, 750.993, 759.006, 780.995, 802.001, 810.014, 826.006, 840.015, 863.004, 873.016, 886.009, 908.998, 917.011, 925.007, 955.008, 966.003, 980.013, 990.008, 1000.003, 1023.008, 1031.004, 1053.01, 1072.0, 1097.005, 1114.013, 1122.009, 1131.005, 1162.006, 1184.012, 1206.017, 1228.007, 1236.003, 1247.014];
durations{1}=[0.5];

% Condition 2 
names{2}='Arrows';
onsets{2}=[14.164, 27.057, 35.02, 43.016, 64.989, 93.008, 109.017, 132.005, 141.017, 148.997, 166.072, 177.05, 202.037, 224.01, 240.018, 249.064, 271.02, 281.015, 297.007, 308.001, 330.007, 345.999, 353.996, 363.007, 387.995, 397.99, 409.018, 437.021, 445.0, 461.009, 479.999, 496.008, 512.0, 522.995, 545.017, 553.013, 564.008, 575.019, 590.994, 613.0, 652.009, 674.014, 704.0, 714.011, 722.007, 733.002, 754.991, 769.017, 788.008, 806.016, 814.012, 836.018, 845.013, 867.019, 880.012, 890.99, 913.013, 921.009, 935.018, 962.005, 976.015, 984.011, 994.006, 1005.017, 1027.006, 1040.999, 1060.006, 1079.014, 1102.019, 1118.011, 1127.007, 1136.019, 1172.001, 1188.01, 1210.015, 1232.005, 1243.016, 1252.011];
durations{2}=[0.405, 0.346, 0.33, 0.381, 0.345, 0.389, 0.346, 0.376, 0.458, 0.337, 0.34, 0.347, 0.704, 0.668, 0.317, 0.459, 0.357, 0.335, 0.578, 0.365, 0.343, 0.368, 0.651, 0.437, 0.465, 0.533, 0.267, 0.361, 0.382, 0.342, 0.274, 0.374, 0.429, 0.309, 0.318, 0.322, 0.421, 0.379, 0.356, 0.352, 0.374, 0.494, 0.539, 0.372, 0.438, 0.334, 0.517, 0.386, 0.404, 0.461, 0.34, 0.365, 0.429, 0.489, 0.402, 0.344, 0.338, 0.343, 0.334, 0.425, 0.433, 0.404, 0.393, 0.366, 0.502, 0.431, 0.325, 0.417, 0.307, 0.467, 0.33, 0.459, 0.43, 0.405, 0.463, 0.363, 0.415, 0.357];

% Condition 3 
names{3}='Inc_Cues';
onsets{3}=[39.068, 127.008, 508.002, 557.011, 580.999, 863.004, 908.998, 966.003, 1000.003, 1053.01];
durations{3}=[0.5];

% Condition 4
names{4}='Pro_Inc_Arrows';
onsets{4}=[43.016, 132.005, 512.0, 564.008, 590.994, 867.019, 913.013, 976.015, 1005.017, 1060.006];
durations{4}=[0.381, 0.376, 0.429, 0.421, 0.356, 0.489, 0.338, 0.433, 0.366, 0.325];

% Condition 5
names{5}='Rea_Inc_Arrow';
onsets{5}=[202.037, 249.064, 297.007, 353.996, 397.99, 674.014, 704.0, 754.991, 1136.019, 1210.015];
durations{5}=[0.704, 0.459, 0.578, 0.651, 0.533, 0.494, 0.539, 0.517, 0.459, 0.463];

save('sessions_dcm.mat', 'names', 'onsets', 'durations');