names=cell(1,5);
onsets=cell(1,5);
durations=cell(1,5);

% Condition 1 
names{1}='Cues';
onsets{1}=[10.004, 32.009, 54.015, 65.009, 78.003, 86.016, 94.011, 119.016, 127.012, 149.001, 171.006, 179.002, 195.011, 209.004, 232.009, 243.003, 256.013, 279.002, 287.014, 295.01, 326.012, 337.006, 351.016, 361.011, 394.011, 402.007, 424.012, 443.003, 468.007, 486.014, 494.01, 503.006, 512.001, 534.007, 556.013, 578.002, 600.007, 608.003, 619.014, 640.029, 651.024, 662.002, 670.014, 692.02, 714.009, 736.014, 758.003, 767.015, 776.027, 793.002, 802.014, 827.018, 846.009, 868.015, 876.027, 899.016, 909.011, 919.022, 933.015, 953.006, 975.011, 983.007, 991.019, 1014.024, 1027.001, 1037.013, 1060.018, 1074.028, 1090.02, 1106.012, 1119.022, 1141.011, 1149.023, 1175.027, 1183.006, 1191.019, 1204.012, 1215.007, 1237.012];
durations{1}=[0.5];

% Condition 2 
names{2}='Arrows';
onsets{2}=[20.015, 42.004, 59.012, 72.006, 82.018, 90.013, 101.008, 123.014, 137.007, 156.014, 175.004, 183.017, 205.006, 214.001, 236.007, 250.016, 260.994, 283.016, 291.012, 305.005, 333.008, 347.001, 355.014, 365.009, 398.009, 412.002, 431.009, 449.999, 473.004, 489.996, 499.008, 508.003, 516.016, 544.002, 560.011, 582.0, 604.005, 615.0, 624.012, 645.027, 658.02, 666.016, 674.012, 696.018, 724.02, 740.029, 763.017, 772.013, 780.009, 798.016, 809.027, 834.015, 856.021, 872.029, 881.025, 903.014, 913.009, 929.017, 940.012, 963.017, 979.025, 987.021, 996.017, 1021.021, 1031.016, 1042.027, 1070.014, 1078.009, 1094.018, 1113.008, 1129.017, 1145.009, 1156.02, 1179.025, 1187.005, 1198.015, 1209.026, 1225.002, 1247.024];
durations{2}=[0.715, 0.62, 0.575, 0.711, 0.54, 0.7, 0.484, 0.688, 0.604, 0.433, 0.424, 0.371, 0.583, 0.576, 1.005, 0.501, 0.499, 0.521, 0.602, 0.482, 0.538, 0.581, 0.497, 0.578, 0.414, 0.577, 0.6, 0.438, 0.721, 0.822, 0.648, 0.612, 0.576, 0.624, 0.558, 0.534, 0.554, 0.42, 0.401, 0.54, 0.466, 0.409, 0.468, 0.624, 0.643, 0.439, 0.622, 0.351, 0.58, 0.477, 0.425, 0.741, 0.589, 0.347, 0.638, 0.645, 0.487, 0.475, 0.711, 0.511, 0.631, 0.741, 0.627, 0.623, 0.59, 0.406, 0.712, 0.524, 0.415, 0.471, 0.419, 0.699, 0.973, 0.376, 0.69, 0.73, 0.672, 0.549, 0.603];

% Condition 3 
names{3}='Inc_Cues';
onsets{3}=[232.009, 279.002, 337.006, 424.012, 670.014, 758.003, 1141.011, 1191.019, 1215.007];
durations{3}=[0.5];

% Condition 4
names{4}='Pro_Inc_Arrows';
onsets{4}=[236.007, 283.016, 347.001, 431.009, 674.012, 763.017, 1145.009, 1198.015, 1225.002];
durations{4}=[1.005, 0.521, 0.581, 0.6, 0.468, 0.622, 0.699, 0.73, 0.549];

% Condition 5
names{5}='Rea_Inc_Arrow';
onsets{5}=[42.004, 72.006, 123.014, 508.003, 582.0, 834.015, 881.025, 929.017, 987.021, 1031.016];
durations{5}=[0.62, 0.711, 0.688, 0.612, 0.534, 0.741, 0.638, 0.475, 0.741, 0.59];

save('sessions_dcm.mat', 'names', 'onsets', 'durations');