names=cell(1,5);
onsets=cell(1,5);
durations=cell(1,5);

% Condition 1 
names{1}='Cues';
onsets{1}=[10.01, 32.016, 53.989, 65.016, 78.01, 86.006, 94.002, 119.006, 148.991, 170.014, 177.994, 194.002, 208.012, 231.017, 241.013, 253.989, 277.011, 285.007, 293.02, 323.005, 334.016, 348.009, 358.021, 368.016, 391.021, 399.018, 421.007, 440.014, 465.018, 482.01, 490.022, 508.013, 530.003, 552.008, 574.014, 596.02, 604.016, 615.01, 637.996, 648.991, 660.001, 690.003, 712.009, 733.998, 756.004, 764.999, 774.012, 790.004, 799.016, 824.003, 843.011, 865.0, 896.018, 906.013, 916.008, 931.0, 950.991, 972.996, 989.005, 1012.01, 1025.004, 1058.004, 1072.014, 1088.006, 1104.997, 1118.008, 1141.013, 1174.013, 1182.009, 1190.005, 1203.016, 1214.01, 1236.016];
durations{1}=[0.5];

% Condition 2 
names{2}='Arrows';
onsets{2}=[20.022, 42.011, 59.003, 72.013, 82.008, 90.004, 101.015, 123.004, 156.005, 173.996, 181.992, 204.014, 213.01, 234.999, 247.992, 259.004, 281.009, 289.022, 303.015, 330.018, 344.011, 352.007, 362.019, 373.014, 395.003, 409.013, 428.003, 447.01, 470.016, 486.008, 495.02, 512.011, 540.014, 556.023, 578.012, 600.018, 611.012, 620.008, 643.01, 656.003, 663.999, 694.018, 721.987, 738.013, 761.001, 770.014, 778.01, 795.018, 805.996, 831.017, 853.006, 868.998, 899.999, 910.011, 925.986, 937.997, 960.986, 977.011, 994.019, 1018.99, 1029.002, 1068.016, 1075.995, 1092.005, 1111.994, 1128.019, 1145.011, 1178.011, 1186.007, 1197.019, 1207.996, 1224.005, 1246.011];
durations{2}=[0.492, 0.692, 0.856, 0.612, 0.539, 0.652, 0.499, 0.824, 0.448, 0.486, 0.367, 0.392, 0.412, 0.471, 0.492, 0.449, 0.523, 0.556, 0.391, 0.654, 0.567, 0.509, 0.434, 0.643, 0.622, 0.41, 0.545, 0.381, 0.407, 0.571, 0.356, 0.521, 0.484, 0.743, 0.786, 0.655, 0.473, 0.384, 0.354, 0.704, 0.583, 0.439, 0.502, 0.32, 0.863, 0.365, 0.369, 0.345, 0.54, 0.91, 0.342, 0.543, 0.396, 0.353, 1.075, 0.492, 0.425, 0.541, 0.736, 0.437, 0.503, 0.692, 0.557, 0.453, 0.386, 1.502, 0.885, 0.479, 0.389, 0.724, 0.383, 0.423, 0.76];

% Condition 3 
names{3}='Inc_Cues';
onsets{3}=[231.017, 277.011, 334.016, 368.016, 421.007, 756.004, 1141.013, 1190.005, 1214.01];
durations{3}=[0.5];

% Condition 4
names{4}='Pro_Inc_Arrows';
onsets{4}=[234.999, 281.009, 344.011, 373.014, 428.003, 761.001, 1145.011, 1197.019, 1224.005];
durations{4}=[0.471, 0.523, 0.567, 0.643, 0.545, 0.863, 0.885, 0.724, 0.423];

% Condition 5
names{5}='Rea_Inc_Arrow';
onsets{5}=[42.011, 72.013, 123.004, 578.012, 831.017, 925.986, 1029.002];
durations{5}=[0.692, 0.612, 0.824, 0.786, 0.91, 1.075, 0.503];

save('sessions_dcm.mat', 'names', 'onsets', 'durations');