names=cell(1,5);
onsets=cell(1,5);
durations=cell(1,5);

% Condition 1 
names{1}='Cues';
onsets{1}=[8.992, 19.987, 30.998, 39.01, 61.016, 83.005, 105.011, 127.016, 136.012, 145.007, 161.0, 170.012, 194.983, 214.006, 236.012, 243.991, 267.013, 276.992, 287.003, 301.013, 320.986, 343.009, 351.005, 359.017, 382.006, 394.999, 404.994, 428.016, 442.009, 458.018, 474.01, 486.987, 508.992, 517.005, 541.993, 550.005, 558.018, 570.995, 581.989, 604.012, 661.016, 683.005, 694.017, 707.01, 715.006, 723.002, 747.99, 756.002, 777.991, 799.014, 807.01, 823.003, 837.012, 860.017, 869.995, 882.989, 906.011, 914.007, 922.003, 952.005, 963.016, 976.992, 987.004, 997.015, 1020.004, 1028.017, 1050.006, 1069.013, 1094.0, 1110.992, 1119.004, 1136.996, 1159.018, 1181.007, 1203.013, 1225.002, 1233.014, 1243.992];
durations{1}=[0.5];

% Condition 2 
names{2}='Arrows';
onsets{2}=[13.99, 27.0, 35.012, 42.992, 65.014, 93.017, 108.992, 131.997, 141.009, 149.005, 165.997, 177.008, 201.996, 224.001, 240.01, 248.989, 271.011, 281.006, 297.015, 308.009, 331.015, 347.007, 355.003, 364.015, 389.002, 399.014, 410.008, 438.011, 446.007, 461.999, 481.006, 497.015, 513.007, 524.018, 546.007, 553.987, 564.998, 575.992, 592.018, 614.007, 671.011, 688.003, 700.997, 711.008, 719.004, 729.999, 752.004, 765.997, 785.005, 803.012, 811.008, 833.014, 842.009, 863.998, 877.009, 888.003, 909.992, 917.988, 931.998, 959.018, 973.011, 981.007, 991.002, 1002.013, 1024.003, 1038.012, 1057.002, 1076.009, 1099.014, 1115.006, 1124.002, 1140.994, 1169.013, 1185.005, 1206.994, 1229.016, 1239.994, 1249.006];
durations{2}=[0.351, 0.376, 0.326, 0.409, 0.344, 0.362, 0.365, 0.38, 0.298, 0.275, 0.349, 0.387, 0.522, 0.359, 0.51, 0.348, 0.445, 0.335, 0.445, 0.523, 0.31, 0.393, 0.463, 0.571, 0.513, 0.455, 0.431, 0.325, 0.313, 0.337, 0.319, 0.306, 0.343, 0.573, 0.275, 0.29, 0.326, 0.319, 0.316, 0.307, 0.54, 0.423, 0.424, 0.429, 0.525, 0.406, 0.554, 0.329, 0.34, 0.299, 0.436, 0.429, 0.409, 0.507, 0.29, 0.678, 0.3, 0.384, 0.274, 0.296, 0.464, 0.519, 0.554, 0.345, 0.262, 0.271, 0.446, 0.308, 0.384, 0.633, 0.622, 0.703, 0.387, 0.427, 0.392, 0.347, 0.477, 0.455];

% Condition 3 
names{3}='Inc_Cues';
onsets{3}=[39.01, 127.016, 508.992, 558.018, 581.989, 860.017, 906.011, 963.016, 997.015, 1050.006];
durations{3}=[0.5];

% Condition 4
names{4}='Pro_Inc_Arrows';
onsets{4}=[42.992, 131.997, 513.007, 564.998, 592.018, 863.998, 909.992, 973.011, 1002.013, 1057.002];
durations{4}=[0.409, 0.38, 0.343, 0.326, 0.316, 0.507, 0.3, 0.464, 0.345, 0.446];

% Condition 5
names{5}='Rea_Inc_Arrow';
onsets{5}=[201.996, 248.989, 297.015, 355.003, 399.014, 671.011, 700.997, 752.004, 1206.994];
durations{5}=[0.522, 0.348, 0.445, 0.463, 0.455, 0.54, 0.424, 0.554, 0.392];

save('sessions_dcm.mat', 'names', 'onsets', 'durations');