names=cell(1,5);
onsets=cell(1,5);
durations=cell(1,5);

% Condition 1 
names{1}='Cues';
onsets{1}=[10.005, 32.011, 54.016, 65.011, 78.004, 86.001, 94.013, 119.001, 127.013, 149.002, 170.008, 178.004, 194.013, 208.006, 231.011, 241.006, 254.016, 277.004, 285.0, 293.013, 323.014, 334.009, 348.002, 358.013, 368.008, 391.014, 399.01, 421.015, 440.006, 465.01, 483.001, 491.013, 500.009, 509.004, 531.01, 552.999, 575.004, 597.01, 605.006, 616.0, 638.018, 649.012, 660.023, 668.003, 690.025, 712.014, 734.003, 756.009, 765.02, 774.016, 791.007, 800.02, 825.024, 844.014, 866.02, 873.999, 897.004, 906.999, 917.011, 931.004, 951.01, 973.016, 981.012, 989.008, 1012.013, 1025.023, 1035.001, 1058.007, 1072.0, 1088.008, 1105.016, 1118.01, 1139.999, 1148.011, 1172.999, 1181.011, 1189.008, 1202.018, 1212.995];
durations{1}=[0.5];

% Condition 2 
names{2}='Arrows';
onsets{2}=[20.017, 42.006, 59.014, 72.007, 82.002, 90.015, 101.009, 123.015, 137.008, 155.998, 174.006, 182.002, 204.008, 213.003, 235.009, 248.002, 259.013, 281.002, 289.015, 303.008, 330.011, 344.004, 352.017, 362.011, 373.006, 395.012, 409.005, 428.012, 447.002, 470.007, 487.015, 496.011, 505.006, 513.002, 541.005, 557.013, 579.002, 601.008, 612.003, 620.998, 643.015, 656.025, 664.005, 672.017, 694.023, 722.01, 738.017, 761.022, 770.018, 778.014, 796.022, 807.016, 832.02, 854.009, 870.018, 879.013, 901.002, 911.014, 927.022, 938.0, 961.022, 977.014, 985.01, 994.005, 1019.009, 1029.021, 1040.016, 1068.018, 1076.014, 1092.023, 1112.013, 1128.021, 1143.997, 1155.008, 1176.997, 1185.009, 1196.021, 1207.015, 1223.007];
durations{2}=[0.621, 0.566, 0.675, 0.54, 0.552, 0.599, 0.432, 0.566, 0.514, 0.423, 0.378, 0.369, 0.389, 0.86, 0.422, 0.466, 0.369, 0.52, 0.432, 0.41, 0.374, 0.542, 0.324, 0.421, 0.536, 0.462, 0.388, 0.407, 0.415, 0.502, 0.475, 0.414, 0.447, 0.499, 0.444, 0.469, 0.57, 0.542, 0.332, 0.345, 0.389, 0.31, 0.327, 0.373, 0.438, 0.4, 0.33, 0.432, 0.337, 0.475, 0.369, 0.308, 0.373, 0.465, 0.359, 0.511, 0.434, 0.388, 0.374, 0.482, 0.309, 0.515, 0.517, 0.511, 0.508, 0.743, 0.408, 0.349, 0.373, 0.519, 0.276, 0.306, 0.347, 0.68, 0.523, 0.322, 0.298, 0.41, 0.329];

% Condition 3 
names{3}='Inc_Cues';
onsets{3}=[231.011, 277.004, 334.009, 368.008, 421.015, 668.003, 756.009, 1139.999, 1189.008, 1212.995];
durations{3}=[0.5];

% Condition 4
names{4}='Pro_Inc_Arrows';
onsets{4}=[235.009, 281.002, 344.004, 373.006, 428.012, 672.017, 761.022, 1143.997, 1196.021, 1223.007];
durations{4}=[0.422, 0.52, 0.542, 0.536, 0.407, 0.373, 0.432, 0.347, 0.298, 0.329];

% Condition 5
names{5}='Rea_Inc_Arrow';
onsets{5}=[42.006, 72.007, 123.015, 505.006, 579.002, 832.02, 879.013, 927.022, 985.01, 1029.021];
durations{5}=[0.566, 0.54, 0.566, 0.447, 0.57, 0.373, 0.511, 0.374, 0.517, 0.743];

save('sessions_dcm.mat', 'names', 'onsets', 'durations');