names=cell(1,5);
onsets=cell(1,5);
durations=cell(1,5);

% Condition 1 
names{1}='Cues';
onsets{1}=[10.01, 32.016, 54.005, 65.016, 78.009, 86.005, 94.001, 119.005, 127.001, 149.007, 170.013, 178.009, 194.001, 208.011, 231.016, 241.011, 254.004, 277.009, 285.005, 293.001, 323.003, 334.014, 348.007, 358.002, 368.013, 391.002, 399.014, 421.003, 440.01, 465.015, 482.006, 490.002, 499.014, 508.01, 529.999, 552.004, 574.01, 595.999, 604.011, 615.006, 635.004, 646.016, 657.01, 665.006, 687.012, 709.017, 731.006, 753.012, 762.007, 771.003, 787.011, 796.007, 821.011, 840.001, 862.007, 870.003, 893.008, 903.003, 913.015, 927.008, 947.014, 969.003, 977.016, 985.012, 1008.001, 1021.01, 1031.005, 1054.01, 1068.003, 1084.012, 1100.004, 1113.014, 1135.003, 1143.0, 1168.003, 1176.016, 1197.005, 1208.016, 1230.005];
durations{1}=[0.5];

% Condition 2 
names{2}='Arrows';
onsets{2}=[20.005, 42.011, 59.002, 72.012, 82.007, 90.003, 101.014, 123.003, 137.013, 156.003, 174.011, 182.007, 204.012, 213.008, 235.014, 248.007, 259.002, 281.007, 289.003, 303.013, 330.016, 344.009, 352.005, 362.016, 373.011, 395.016, 409.009, 428.0, 447.007, 470.012, 486.004, 495.0, 504.012, 512.008, 540.01, 556.002, 578.008, 600.013, 611.008, 620.003, 640.019, 653.012, 661.008, 669.004, 691.01, 719.012, 735.004, 758.009, 767.005, 775.017, 792.009, 803.003, 828.007, 850.013, 866.005, 875.017, 897.006, 907.018, 923.01, 934.004, 957.009, 973.001, 981.014, 990.009, 1015.013, 1025.008, 1036.003, 1064.005, 1072.001, 1088.01, 1107.017, 1123.009, 1139.001, 1150.012, 1172.018, 1180.014, 1202.019, 1218.011, 1240.0];
durations{2}=[0.518, 0.479, 0.553, 0.546, 0.457, 0.326, 0.287, 0.47, 0.389, 0.423, 0.293, 0.298, 0.306, 0.379, 0.331, 0.286, 0.289, 0.37, 0.29, 0.389, 0.34, 0.482, 0.462, 0.345, 0.491, 0.544, 0.362, 0.448, 0.285, 0.31, 0.353, 0.382, 0.381, 0.445, 0.435, 0.342, 0.452, 0.402, 0.395, 0.349, 0.286, 0.29, 0.349, 0.31, 0.359, 0.403, 0.463, 0.453, 0.305, 0.305, 0.44, 0.4, 0.458, 0.489, 0.422, 0.528, 0.404, 0.351, 0.379, 0.705, 0.374, 0.519, 0.391, 0.605, 0.424, 0.583, 0.549, 0.399, 0.366, 0.381, 0.345, 0.369, 0.463, 0.364, 0.392, 0.37, 0.592, 0.397, 0.686];

% Condition 3 
names{3}='Inc_Cues';
onsets{3}=[231.016, 277.009, 334.014, 368.013, 421.003, 665.006, 753.012, 1135.003, 1208.016];
durations{3}=[0.5];

% Condition 4
names{4}='Pro_Inc_Arrows';
onsets{4}=[235.014, 281.007, 344.009, 373.011, 428.0, 669.004, 758.009, 1139.001, 1218.011];
durations{4}=[0.331, 0.37, 0.482, 0.491, 0.448, 0.31, 0.453, 0.463, 0.397];

% Condition 5
names{5}='Rea_Inc_Arrow';
onsets{5}=[42.011, 72.012, 123.003, 504.012, 578.008, 828.007, 875.017, 923.01, 981.014, 1025.008];
durations{5}=[0.479, 0.546, 0.47, 0.381, 0.452, 0.458, 0.528, 0.379, 0.391, 0.583];

save('sessions_dcm.mat', 'names', 'onsets', 'durations');