names=cell(1,5);
onsets=cell(1,5);
durations=cell(1,5);

% Condition 1 
names{1}='Cues';
onsets{1}=[9.009, 20.003, 31.014, 39.01, 60.999, 83.005, 105.011, 127.017, 136.012, 145.008, 161.0, 170.012, 195.016, 214.006, 236.012, 244.008, 267.013, 276.992, 287.003, 300.997, 320.004, 341.993, 358.018, 380.99, 394.017, 404.012, 427.017, 441.01, 457.002, 473.011, 486.004, 508.01, 516.006, 541.01, 549.006, 570.012, 580.99, 603.012, 638.027, 660.016, 682.005, 693.016, 706.009, 714.006, 722.018, 747.022, 755.018, 777.024, 799.013, 807.009, 823.018, 837.027, 860.033, 870.028, 883.021, 906.026, 914.022, 922.019, 952.02, 963.031, 977.024, 987.019, 997.014, 1020.019, 1028.015, 1050.021, 1069.012, 1094.033, 1111.024, 1119.02, 1137.028, 1159.017, 1181.022, 1203.012, 1225.017, 1233.013, 1244.024];
durations{1}=[0.5];

% Condition 2 
names{2}='Arrows';
onsets{2}=[13.99, 27.016, 35.012, 43.008, 65.014, 93.017, 109.009, 132.014, 141.01, 148.989, 166.014, 177.008, 202.012, 224.018, 240.01, 249.006, 271.011, 281.006, 296.998, 308.01, 330.015, 345.991, 363.015, 388.003, 397.998, 409.009, 436.996, 445.008, 461.017, 480.007, 496.016, 512.008, 523.019, 545.008, 553.004, 575.01, 591.018, 613.007, 648.022, 670.027, 687.019, 700.013, 710.024, 718.02, 729.015, 751.02, 765.013, 784.021, 803.028, 811.024, 833.013, 842.025, 864.014, 877.024, 888.019, 910.024, 918.02, 932.013, 959.017, 973.01, 981.022, 991.017, 1002.028, 1024.017, 1038.027, 1057.018, 1076.025, 1099.013, 1115.022, 1124.018, 1141.026, 1169.012, 1185.02, 1207.026, 1229.015, 1240.026, 1249.005];
durations{2}=[0.355, 0.295, 0.278, 0.269, 0.387, 0.318, 0.25, 0.306, 0.303, 0.262, 0.288, 0.32, 0.337, 0.301, 0.409, 0.318, 0.297, 0.347, 0.377, 0.322, 0.294, 0.34, 0.468, 0.381, 0.396, 0.315, 0.32, 0.311, 0.309, 0.289, 0.273, 0.324, 0.406, 0.31, 0.326, 0.295, 0.299, 0.526, 0.368, 0.507, 0.456, 0.464, 0.444, 0.356, 0.442, 0.482, 0.409, 0.488, 0.329, 0.299, 0.224, 0.327, 0.296, 0.365, 0.47, 0.334, 0.546, 0.399, 0.293, 0.325, 0.302, 0.309, 0.325, 0.424, 0.288, 0.307, 0.319, 0.332, 0.493, 0.498, 0.387, 0.415, 0.437, 0.421, 0.453, 0.376, 0.378];

% Condition 3 
names{3}='Inc_Cues';
onsets{3}=[39.01, 127.017, 508.01, 580.99, 860.033, 906.026, 963.031, 997.014, 1050.021];
durations{3}=[0.5];

% Condition 4
names{4}='Pro_Inc_Arrows';
onsets{4}=[43.008, 132.014, 512.008, 591.018, 864.014, 910.024, 973.01, 1002.028, 1057.018];
durations{4}=[0.269, 0.306, 0.324, 0.299, 0.296, 0.334, 0.325, 0.325, 0.307];

% Condition 5
names{5}='Rea_Inc_Arrow';
onsets{5}=[202.012, 249.006, 296.998, 397.998, 670.027, 700.013, 751.02, 1207.026];
durations{5}=[0.337, 0.318, 0.377, 0.396, 0.507, 0.464, 0.482, 0.421];

save('sessions_dcm.mat', 'names', 'onsets', 'durations');