names=cell(1,5);
onsets=cell(1,5);
durations=cell(1,5);

% Condition 1 
names{1}='Cues';
onsets{1}=[9.004, 20.015, 31.009, 39.005, 61.011, 83.017, 105.006, 127.011, 136.007, 145.002, 161.011, 170.006, 195.01, 214.001, 236.006, 244.002, 267.007, 277.002, 287.014, 301.007, 321.014, 343.003, 351.015, 359.011, 382.0, 395.01, 405.005, 428.01, 442.003, 458.011, 474.003, 487.014, 509.002, 517.015, 542.003, 550.015, 558.011, 581.999, 604.005, 640.016, 662.005, 684.011, 695.005, 708.015, 716.011, 724.007, 749.011, 757.007, 779.013, 800.002, 808.015, 824.007, 838.017, 861.005, 871.017, 884.01, 907.015, 915.011, 923.007, 954.008, 965.003, 979.012, 989.007, 999.002, 1022.007, 1030.003, 1052.009, 1071.016, 1096.004, 1113.012, 1121.008, 1130.003, 1139.015, 1161.004, 1183.01, 1205.015, 1227.004, 1235.0, 1246.012];
durations{1}=[0.5];

% Condition 2 
names{2}='Arrows';
onsets{2}=[14.018, 27.011, 35.007, 43.003, 65.009, 93.012, 109.004, 132.009, 141.004, 149.017, 166.008, 177.003, 202.007, 224.012, 240.004, 249.017, 271.005, 281.001, 297.009, 308.004, 331.009, 347.001, 355.013, 364.009, 389.013, 399.008, 410.002, 438.005, 446.001, 462.009, 481.0, 497.008, 513.0, 524.012, 546.001, 554.013, 565.008, 592.011, 614.0, 650.011, 672.017, 689.008, 702.018, 712.013, 720.009, 731.004, 753.009, 767.003, 785.993, 804.017, 812.013, 834.002, 843.014, 865.003, 878.013, 889.008, 911.013, 919.009, 933.003, 961.005, 975.014, 983.01, 993.005, 1004.017, 1026.005, 1040.015, 1059.006, 1078.013, 1101.001, 1117.01, 1126.005, 1135.001, 1143.013, 1171.016, 1187.008, 1209.013, 1231.002, 1242.014, 1251.009];
durations{2}=[0.511, 0.519, 0.409, 0.493, 0.547, 0.431, 0.469, 0.539, 0.497, 0.349, 0.514, 0.452, 0.645, 0.532, 0.623, 0.585, 0.392, 0.422, 0.779, 0.56, 0.456, 0.569, 0.636, 0.524, 0.549, 0.432, 0.463, 0.557, 0.388, 0.361, 0.568, 0.35, 0.537, 0.516, 0.421, 0.385, 0.606, 0.483, 0.351, 0.472, 0.506, 0.526, 0.515, 0.474, 0.502, 0.426, 0.613, 0.463, 0.404, 0.715, 0.555, 0.418, 0.394, 0.724, 0.36, 0.629, 0.447, 0.434, 0.471, 0.507, 0.444, 0.374, 0.496, 0.497, 0.374, 0.401, 0.356, 0.499, 0.409, 0.851, 0.392, 0.528, 0.406, 0.416, 0.556, 0.544, 0.511, 0.442, 0.405];

% Condition 3 
names{3}='Inc_Cues';
onsets{3}=[39.005, 127.011, 509.002, 558.011, 581.999, 861.005, 907.015, 965.003, 999.002, 1052.009];
durations{3}=[0.5];

% Condition 4
names{4}='Pro_Inc_Arrows';
onsets{4}=[43.003, 132.009, 513.0, 565.008, 592.011, 865.003, 911.013, 975.014, 1004.017, 1059.006];
durations{4}=[0.493, 0.539, 0.537, 0.606, 0.483, 0.724, 0.447, 0.444, 0.497, 0.356];

% Condition 5
names{5}='Rea_Inc_Arrow';
onsets{5}=[202.007, 249.017, 297.009, 355.013, 399.008, 672.017, 702.018, 753.009, 1135.001, 1209.013];
durations{5}=[0.645, 0.585, 0.779, 0.636, 0.432, 0.506, 0.515, 0.613, 0.528, 0.544];

save('sessions_dcm.mat', 'names', 'onsets', 'durations');