names=cell(1,5);
onsets=cell(1,5);
durations=cell(1,5);

% Condition 1 
names{1}='Cues';
onsets{1}=[10.017, 32.006, 54.011, 65.006, 78.016, 86.012, 119.012, 127.008, 149.013, 170.003, 177.999, 194.008, 208.0, 231.006, 241.017, 254.011, 285.012, 293.008, 323.009, 334.004, 347.997, 358.008, 368.004, 391.009, 399.004, 421.01, 440.017, 465.005, 483.012, 491.008, 500.004, 508.999, 531.005, 552.994, 575.016, 597.005, 605.001, 616.012, 636.996, 648.007, 659.002, 666.998, 689.003, 711.009, 733.015, 755.003, 763.999, 772.994, 789.986, 800.014, 825.002, 844.009, 865.998, 874.01, 896.999, 907.01, 931.015, 951.005, 972.994, 981.007, 989.003, 1011.991, 1025.001, 1034.996, 1057.985, 1071.994, 1088.003, 1103.995, 1116.988, 1140.01, 1147.989, 1173.01, 1180.989, 1202.012, 1213.007, 1235.012];
durations{1}=[0.5];

% Condition 2 
names{2}='Arrows';
onsets{2}=[20.012, 42.017, 59.009, 72.019, 82.014, 90.01, 123.01, 137.019, 156.01, 174.018, 181.997, 204.019, 212.998, 235.004, 248.014, 259.008, 289.01, 303.019, 330.006, 344.015, 352.011, 362.006, 373.018, 395.006, 409.016, 428.007, 447.014, 470.019, 487.01, 496.006, 505.001, 512.997, 541.016, 557.008, 579.014, 601.02, 612.014, 621.01, 642.01, 655.004, 663.016, 670.996, 693.018, 721.004, 736.996, 760.001, 769.013, 777.009, 795.017, 807.011, 832.015, 853.987, 869.996, 879.008, 900.997, 911.008, 938.011, 961.017, 976.992, 985.005, 994.017, 1019.004, 1028.999, 1039.994, 1068.013, 1076.009, 1092.001, 1110.991, 1127.017, 1144.008, 1155.002, 1176.991, 1185.004, 1207.01, 1223.002, 1244.991];
durations{2}=[0.495, 0.573, 0.533, 0.512, 0.4, 0.458, 0.603, 0.414, 0.383, 0.395, 0.302, 0.318, 0.316, 0.366, 0.321, 0.256, 0.355, 0.332, 0.322, 0.396, 0.295, 0.291, 0.33, 0.335, 0.314, 0.535, 0.359, 0.545, 0.332, 0.39, 0.46, 0.403, 0.346, 0.375, 0.611, 0.47, 0.321, 0.369, 0.29, 0.286, 0.321, 0.345, 0.341, 0.309, 0.321, 0.378, 0.378, 0.6, 1.087, 0.369, 0.563, 0.399, 0.338, 0.458, 0.868, 0.324, 0.603, 0.373, 0.459, 0.607, 0.432, 0.405, 0.523, 0.366, 0.358, 0.407, 0.327, 0.296, 1.188, 0.368, 0.3, 0.303, 0.623, 0.317, 0.484, 0.34];

% Condition 3 
names{3}='Inc_Cues';
onsets{3}=[231.006, 334.004, 368.004, 421.01, 666.998, 755.003, 1140.01, 1213.007];
durations{3}=[0.5];

% Condition 4
names{4}='Pro_Inc_Arrows';
onsets{4}=[235.004, 344.015, 373.018, 428.007, 670.996, 760.001, 1144.008, 1223.002];
durations{4}=[0.366, 0.396, 0.33, 0.535, 0.345, 0.378, 0.368, 0.484];

% Condition 5
names{5}='Rea_Inc_Arrow';
onsets{5}=[42.017, 72.019, 123.01, 505.001, 579.014, 832.015, 879.008, 985.005, 1028.999];
durations{5}=[0.573, 0.512, 0.603, 0.46, 0.611, 0.563, 0.458, 0.607, 0.523];

save('sessions_dcm.mat', 'names', 'onsets', 'durations');