names=cell(1,5);
onsets=cell(1,5);
durations=cell(1,5);

% Condition 1 
names{1}='Cues';
onsets{1}=[9.001, 19.996, 31.007, 39.003, 61.008, 83.014, 104.986, 136.004, 145.016, 161.008, 170.004, 195.008, 214.015, 236.004, 244.016, 267.005, 277.016, 287.011, 301.004, 321.011, 343.017, 351.013, 382.014, 395.007, 405.002, 428.007, 442.017, 458.009, 474.001, 487.011, 509.0, 517.012, 542.001, 550.013, 558.009, 571.002, 582.013, 604.002, 639.01, 661.016, 694.016, 707.009, 715.005, 723.002, 748.006, 756.002, 778.007, 800.013, 808.009, 824.001, 838.01, 861.015, 871.01, 884.004, 907.009, 915.005, 923.001, 954.002, 965.013, 979.006, 989.001, 999.013, 1022.001, 1030.014, 1052.003, 1071.01, 1096.014, 1114.005, 1122.001, 1131.013, 1140.008, 1162.014, 1184.003, 1206.009, 1228.014, 1235.994, 1247.005];
durations{1}=[0.5];

% Condition 2 
names{2}='Arrows';
onsets{2}=[14.015, 27.009, 35.005, 43.017, 65.006, 93.009, 109.018, 141.002, 149.014, 166.006, 177.017, 202.004, 224.01, 240.002, 249.014, 271.003, 281.014, 297.006, 308.018, 331.006, 347.015, 355.011, 389.01, 399.005, 410.016, 438.002, 446.015, 462.007, 481.014, 497.006, 513.014, 524.009, 546.015, 554.011, 565.005, 576.016, 592.008, 614.014, 649.005, 671.011, 701.012, 711.007, 719.003, 730.015, 752.003, 766.013, 785.004, 804.011, 812.007, 834.012, 843.008, 865.013, 878.007, 889.002, 911.007, 919.003, 933.013, 961.015, 975.008, 983.004, 993.016, 1004.01, 1026.016, 1040.009, 1059.016, 1078.006, 1101.011, 1118.003, 1127.015, 1136.011, 1144.006, 1172.009, 1188.001, 1210.007, 1232.012, 1243.007, 1252.002];
durations{2}=[0.57, 0.572, 0.582, 0.494, 0.605, 0.49, 0.471, 0.438, 0.408, 0.476, 0.629, 0.723, 0.467, 0.468, 0.523, 0.517, 0.499, 0.49, 0.642, 0.36, 0.536, 0.554, 0.376, 0.697, 0.572, 0.619, 0.639, 0.393, 0.406, 0.53, 0.524, 0.602, 0.392, 0.39, 0.459, 0.546, 0.761, 0.396, 0.393, 0.624, 0.469, 0.57, 0.607, 0.633, 0.621, 0.406, 0.452, 0.412, 0.422, 0.548, 0.395, 0.508, 0.397, 0.39, 0.51, 0.334, 0.527, 0.372, 0.519, 0.601, 0.275, 0.491, 0.417, 0.349, 0.492, 0.387, 0.506, 0.378, 0.404, 0.602, 0.589, 0.474, 0.427, 0.492, 0.506, 0.657, 0.566];

% Condition 3 
names{3}='Inc_Cues';
onsets{3}=[39.003, 509.0, 558.009, 582.013, 861.015, 907.009, 965.013, 999.013, 1052.003];
durations{3}=[0.5];

% Condition 4
names{4}='Pro_Inc_Arrows';
onsets{4}=[43.017, 513.014, 565.005, 592.008, 865.013, 911.007, 975.008, 1004.01, 1059.016];
durations{4}=[0.494, 0.524, 0.459, 0.761, 0.508, 0.51, 0.519, 0.491, 0.492];

% Condition 5
names{5}='Rea_Inc_Arrow';
onsets{5}=[202.004, 249.014, 297.006, 355.011, 399.005, 671.011, 701.012, 752.003, 1136.011, 1210.007];
durations{5}=[0.723, 0.523, 0.49, 0.554, 0.697, 0.624, 0.469, 0.621, 0.602, 0.492];

save('sessions_dcm.mat', 'names', 'onsets', 'durations');