names=cell(1,5);
onsets=cell(1,5);
durations=cell(1,5);

% Condition 1 
names{1}='Cues';
onsets{1}=[10.014, 32.003, 54.008, 65.003, 78.013, 86.009, 95.004, 120.008, 128.004, 150.01, 172.016, 180.012, 196.003, 210.013, 233.002, 257.006, 281.011, 289.007, 298.002, 329.003, 340.014, 355.007, 365.002, 375.013, 399.001, 407.014, 429.003, 448.01, 473.014, 490.006, 499.001, 517.009, 539.014, 561.003, 583.009, 605.015, 613.011, 624.005, 667.008, 679.002, 689.997, 721.015, 744.003, 766.009, 789.014, 798.009, 808.004, 825.012, 834.008, 859.012, 878.002, 900.008, 908.004, 931.009, 941.004, 951.016, 965.009, 985.015, 1007.004, 1016.016, 1024.012, 1047.001, 1061.01, 1071.005, 1094.01, 1108.003, 1124.012, 1141.004, 1154.014, 1177.002, 1185.015, 1211.002, 1220.014, 1229.009, 1242.003, 1254.013, 1276.002];
durations{1}=[0.5];

% Condition 2 
names{2}='Arrows';
onsets{2}=[20.009, 42.014, 59.006, 72.016, 82.011, 90.007, 102.001, 124.006, 138.016, 157.006, 176.014, 184.009, 206.015, 215.011, 237.016, 262.004, 284.992, 293.005, 308.014, 336.016, 350.009, 359.005, 369.016, 380.011, 403.016, 417.009, 436.016, 455.007, 478.012, 494.004, 504.015, 521.007, 549.009, 565.001, 587.007, 609.013, 620.007, 629.002, 672.006, 686.016, 694.012, 725.013, 754.015, 770.007, 794.011, 803.007, 812.002, 830.01, 841.004, 866.008, 888.014, 904.006, 913.002, 935.007, 945.002, 961.011, 972.005, 995.01, 1011.002, 1020.014, 1029.01, 1054.014, 1065.008, 1076.003, 1104.005, 1112.001, 1128.01, 1148.017, 1164.009, 1181.017, 1192.011, 1215.016, 1224.012, 1236.006, 1247.001, 1264.008, 1286.014];
durations{2}=[0.761, 0.866, 0.612, 0.935, 0.7, 0.984, 0.616, 0.769, 0.715, 0.827, 0.44, 0.651, 0.623, 0.86, 0.894, 1.301, 0.531, 1.003, 1.198, 0.898, 1.584, 0.832, 0.941, 1.087, 0.555, 0.504, 0.375, 0.556, 0.379, 1.841, 0.477, 0.643, 0.613, 0.644, 0.753, 0.72, 0.576, 0.578, 1.466, 0.573, 0.991, 1.416, 0.646, 1.107, 0.677, 1.501, 0.564, 0.593, 0.676, 0.592, 0.804, 0.62, 0.662, 0.816, 0.713, 0.533, 1.085, 0.625, 1.397, 0.659, 0.923, 1.433, 0.669, 0.761, 0.708, 0.55, 1.011, 0.741, 1.433, 0.818, 1.095, 1.244, 1.429, 0.478, 1.045, 0.66, 0.608];

% Condition 3 
names{3}='Inc_Cues';
onsets{3}=[233.002, 281.011, 340.014, 375.013, 429.003, 789.014, 1177.002, 1229.009, 1254.013];
durations{3}=[0.5];

% Condition 4
names{4}='Pro_Inc_Arrows';
onsets{4}=[237.016, 284.992, 350.009, 380.011, 436.016, 794.011, 1181.017, 1236.006, 1264.008];
durations{4}=[0.894, 0.531, 1.584, 1.087, 0.375, 0.677, 0.818, 0.478, 0.66];

% Condition 5
names{5}='Rea_Inc_Arrow';
onsets{5}=[42.014, 72.016, 124.006, 587.007, 866.008, 913.002, 961.011, 1020.014, 1065.008];
durations{5}=[0.866, 0.935, 0.769, 0.753, 0.592, 0.662, 0.533, 0.659, 0.669];

save('sessions_dcm.mat', 'names', 'onsets', 'durations');